00111110101011101011000100100100
00111101110000111101101000111111
00111100100100010101110110111110
00111110100101000110000110100111
10111101101111000111000011101011
00111110010101000000001011010101
00111101100001000110001111101101
00111100101100010100111010101011
00111101110111011000011011110001
00111101010001100100001101100011
00111101010111111000001011111011
10111101011110100001111100010011
10111110001000011101011010001101
00111101010101001011100010101111
10111101100011001110001001111011
00111110000010010011011100001100
10111100100000011100111111100100
00111100100011100111011011001110
00111110001010100000000110111000
00111101011011001100101101110010
00111110101100101001111011001101
00111110010110010001001110011100
00111110000101111101010100011010
10111110001011010011111101110101
00111101000011101010100001001001
00111110000000100010111000000001
10111101000110000100111001010111
10111110010011010011110100000100
10111101000000011100101001010110
10111110001111101000100100111010
10111110011000001100000100101100
00111110000000100010101001110100
10111101101110111011100010011100
10111101000011001010110100111111
10111110010000101110101101001100
10111110100010001000000011001001
00111101000000000111001100100111
10111110101000000001010001111000
00111110000011111111111101010001
00111101111110000010001110111111
10111101110011000101100100101100
00111110100110000000000111101110
10111101011001100001110110110011
00111110010100101001111100110101
10111100001010100100011000001110
00111101101111010101111011110010
10111101110111010001010000100011
10111110101011001011000001010111
00111101001011110001101111110011
00111101100001001110001001001011
10111100001000000100011111101001
00111110110000011000010100000100
00111101000101100100110000110010
10111110100010100010010100000101
00111110000000110001001011000011
10111101110100100110000000011000
00111100100111101001011000110110
00111110100111000111100101110100
10111110011101101011101001010010
10111110001001110111010011010101
10111110100101011101001001000110
10111101111010100011011111110110
10111101010100001110001111111000
10111011010001000111100011011100
00111110111011011010100101111101
00111101000010010111001010111010
00111101110100011101000110001011
00111110110111101110011010001000
10111101110111010011010011101001
10111110001010001011011111111100
00111101101010101011010111110101
00111101100011011000110000011110
10111110010010101100010100100001
10111110000101111011100011100100
00111101111111111101110111000111
00111101010111111110010001010010
00111110100110011111100100101110
00111100100101101101110010010010
10111101111110000001111110111100
10111110001111011101111101010001
10111101100101010001111001001001
00111110001111100010000101000010
10111110001100010101101010001001
10111101011111010000100011011001
00111110011100101100111000110111
00111110100100010110101110101001
00111101011111110110010111000100
10111110111010000111011101010000
00111101111001000111110101010010
00111101101000010110001100011000
10111101100010000111001001110011
00111101000100010101101001110110
10111101100000011011110110010000
10111100100011110101101100111000
10111110011110101111010110110100
00111101110111001011100011000000
10111101111000100001111010110110
10111110000110001111011011101010
10111110010110101000110011000010
10111110110000000010011101000011
00111101000111000100100011000110
10111110110011110101110011000100
00111110100010001000111001100100
10111101111001011101001011010111
00111101011010000100110001001001
00111110001101110101101110000100
10111101100100111000111111010001
00111110100010011001110011010000
00111101100001110110110110101010
00111101101110010000001101010101
10111101100111010100110010111000
10111110111011001000000111001101
00111101111111110010110000001010
10111101000010111110001100011001
00111101101011100000110011100001
00111110111111110011100010110100
10111101111001110101001000011001
10111110101100101100010000100101
10111100000000101110110101110011
10111101011110010111110100011001
10111101111101000100011100111111
00111110010000111110111110000101
10111110100111100001010010111101
00111110000110100010011010000010
10111110110000011011000011000001
10111101100011100100000011010001
10111101001001001010101011011101
00111101001001011101010100001001
00111110110010011101000001000011
10111101101011000110111110000011
10111101000101001011110100010110
00111110110010011100000100110000
10111101010011111001100000101110
10111101000110110101110110010101
00111101001010111111110110001101
00111101111100101100110100000101
00111101110111101100101111001110
10111110000010000111101010011001
00111101110111001010100111011000
10111101100111111111110100001110
10111110010011100111100001000000
10111101110000000100110101110101
10111101100110111101111111010111
00111110000100010001100001001100
00111110000011111000000010000101
00111101110000110001110101110001
00111101101110001000111010101000
00111110001101001010010001101011
00111110011011001110010110111011
00111110100011010100100101001101
10111110000101000001010000001010
10111110100100000010110100011101
10111100010011011001100001011101
10111110001011010010111101110011
10111101010101001011000111100010
10111100111101000100101100000001
10111101001001011000010000010111
00111110010111011010001111100011
10111110100011011001110000110011
00111110000000011110100000011001
00111100011010110000110111010111
00111100010101001110100011110001
10111110010010111100100111100001
10111110101100000000110011010110
10111110000111010010010101011111
10111110101001111011000010000011
00111110000000010101000101101001
10111100111100111111000101001010
10111101101111000001010001100101
00111110100010101010010010001101
10111101100000011110111010011001
00111110100000001000100111111001
10111100001100010001100011010111
00111101101110100111011100111001
10111101000101010110011100010010
10111110110101101100100011011011
00111110001101111001100001001001
10111101101100011000100011111111
10111110001000001011011110010001
00111110111010100011010101001011
00111101110001100111100001111100
10111110100001000000000100110000
00111101100101111101010111101000
10111110010001001000010011100100
10111010001011010000001100100110
00111110100011001010111000011000
10111110100010001100000110101101
00111101100111111110100001000000
10111110101101001000000011100000
10111101110110111000111001100000
10111101000110111100111111111111
00111101010000000010000011110011
00111110101011100001001101110000
00111110000010001101011110111010
00111100101011100111000100111011
00111110010101010000011111011111
00111110001001010110101010100000
00111110011001101001001001000000
10111101101011101000100001010101
00111101110110001111010000010010
00111101101011110000111110101001
10111100100110111001110000010101
00111110111001010110110111111011
00111101111101011111110111101100
10111110000100001111100100011101
10111001101111010110101110111010
10111110110000000000101011000111
00111101111111101001110011000011
10111101011011101101001100111000
00111101001011011010111000110111
00111110000000111111110100010110
00111011011011001010111001111101
00111110101000101010001000101001
00111110100010110110111110001011
00111110000111011001000000010010
10111101111001110010011100001011
10111100100011001110101111000000
00111110001001001001001011000100
10111110110000001110000110100001
10111110001111100000100111001000
00111011110011010101100011101101
10111110001111011011001000001001
10111110000111010111010100100100
00111101110100110001001010111011
10111101110111100101011111001011
10111101011001110100101011110011
10111110011001110100100011110000
10111110000010000011110011010101
00111101000010111101111000110011
10111110100000010101110010110010
00111110010000100111000100010111
00111101100100110100100001100111
10111101111110010101010110001101
00111110101001101000011110100000
00111110000010010001101111101000
00111110011100100101010111011100
10111101100011011000110000110110
00111110011000100000100111100111
10111110001011000110100100000101
10111110101100110011000111010011
10111101111010000100001001010100
00111110011111101101101110101001
10111011110011101010101000111010
00111110010011000110000001001100
00111100100001011111000101001111
10111110101100010110111001110110
10111101110111000001101001110101
10111101000101000110001111001101
00111101110011001110101111101011
00111101110101110111010100111000
10111100010101001010101110111001
10111110010100010010101111101110
10111110001110110100000010001010
10111110000001010110000011011010
10111110001010010000110100101001
10111101100011101011110011100111
00111110110101100001001001001101
00111101010101110111100010011000
00111101110001111100110100100110
00111110100110111101000110111100
00111110010100011101001011101101
10111110001111001110010100111000
10111101110111001011010010100111
00111110010111101100111001010001
10111110011011100001001101101101
10111110011100110010100110011000
00111111000011010000100101101110
00111110100100000101001101100011
00111110101101000001110110001111
10111101011110101100110000011001
10111110111100110010001001001111
10111110010101111110100111111001
10111101110111000110011111010101
00111110010000110100101101011100
10111110011011010101110110010101
10111101110011001011111111000111
00111110001000111110000010111010
00111110101000111001111100111100
00111101000101000100100100111010
10111110110001100100001101110110
00111101001000110100110010011101
00111101110011110011000011010100
10111110111101000100000001000110
00111101111001111101001010001100
00111100100101001100101011110000
10111100011000001011101100010000
10111110000110110110111101101011
00111101110100100111010010110100
10111101111100110111100010100010
10111110001111010011100101010011
10111110100010111101101111001010
10111110001010000000011100100110
00111100101111111111010011111001
10111110100111110101011110010110
00111110100110110101111000011111
10111110010011010011000100101111
00111100101111001101100010000001
00111110010100110111000100101001
00111110001100101001100111101110
00111110100100111001110001110101
10111100101110100011011001101000
00111110100010111011100101110001
10111110000110111101010010110110
10111110111000100011011011111110
10111101111001111001011100010010
00111110001100000100101110110101
00111101101001010010000000110110
00111110010111011011001111000100
10111101110111100101111011110001
10111110110000111110101111000110
10111110100110000100000001000110
00111100111010001101000001111010
10111100010100010110011101000010
10111101100101011101111000000001
10111010000100011101100000111100
00111110001001111000100101001101
10111110010100010100100011000001
10111101110000000011010010010100
10111110010100011101100010011101
10111101011010101011100111101000
00111110110000010011101011111010
10111101101000010100111001000101
10111101010000111001111111000101
00111110100100011010001010110010
00111110011101010100010010001011
10111101100000001110110111010101
10111110000100001110100101001010
00111110100010010000101100010000
00111101110010100101110101000000
10111110011011011010111000100111
00111111000000011111111011001101
00111101111110000100110011101101
10111110001101101100000100000110
10111110001101110000110000110100
10111110110101001110010010100010
00111110000101011000110010111010
00111110000011010100011011101000
00111101110100010010001001111101
00111101010100101110001011100001
00111110001110010111001001101011
00111110000111111111100111101000
00111110101010000110001001101101
10111110010001001101111000000111
10111110011001100101111110001000
10111101101100011001011011000100
10111110001011110110011100101110
10111110111000110000000011101101
00111101100100001011100101011101
00111100100101000010011000100001
00111110011110110011000001110000
10111110010100010000001001000100
00111110000001011000001010000010
00111101000101001001100111100100
10111011101001010011111000111001
10111110100001010111001111100100
10111110000110010001111011111011
10111110001111110010110110100000
10111110011100010111101001110110
00111110000111100001011000100111
10111101111011100111100010001110
10111110000001110010001001110111
00111110100101010101011100000000
00111110000111110100001101010000
00111110100010100101110000001101
10111101110010011000011000001110
00111110011111100010000100110101
10111101101110010100000111110110
10111110110100010110111001110001
10111100110101001001011110110011
00111101100111100100111000100111
10111110001110000000101101000101
00111110011000000100000100110111
00111110000100001001010111100101
10111110100100111101111011101100
10111110010010010000000100100011
10111110000001000001000100101011
00111101110100100000110100000011
00111101001001001100110100000010
00111011110100101011010000011011
00111101111100010011111101001011
10111110010100101011100011111110
10111101111100100011100111010000
10111110010000101010010111110011
10111100100110101100110111011100
10111101001101111010111010011000
00111101100001001000100011000011
10111101100111000100101010001001
00111110011011010001111000000011
00111110001001001100011101000011
00111110010100111110110110001111
10111110000010110010100100000010
00111101111000000111010010000001
00111101111000010110001010111010
00111101011100111101111111111001
00111101000010110100100100111111
00111101100000000001010101001001
10111110000101001101111011101011
10111101101010010100000111100111
10111101011111011000100010100111
00111110000000000001010100001110
00111011100110010011001101110111
10111101110101000001011110110001
00111110000110111011101010001000
00111101011001110001101000010100
00111110001010110000110010110111
00111101011111101011000011101001
00111110000101010011001101000111
00111110001110111001011011101010
10111101101010000000001011011001
00111110000100011100001111001110
10111110100101111001101101011110
10111110001111000000100111000010
00111110100011000010100011110101
10111110000110000010010110100000
10111101101010000010101100111111
00111110000010110101100010010111
10111101101100111111101011100101
10111110000101101011111110000000
10111110101001111000011011010100
00111100000100110110000101000000
00111101000000101101010101100111
10111110100011001001101000110101
00111101011011001101000000101011
00111101110111011110011101011000
10111110001100011100010100010010
00111110101111101010100000100011
00111110010001001000110000011110
00111110011100010111000011001110
10111110001110000011111001001101
00111110101000110000110111011011
10111110011010111000101100100001
10111101100011001110001011010110
10111110100010011110000110111101
00111110101110010100000101101001
10111000010000110001100110011010
10111101101001000100011010111011
00111101100111010000010010100111
10111101000101100011000011000101
10111110000110001000100010010100
00111101011001000111111001011101
00111110011001011000001010110000
00111100001111000110100110011000
00111101101010000110000100001010
10111110000101100000101010110000
00111100011111011010011111011001
10111110000000010101010000001100
10111110100110010001110101011010
10111110100100001010100010011100
10111101010001001110010000001000
10111011110101111010001101100100
10111100101101110000110111001000
00111110101001011100010010101100
00111110011000100011101111000011
10111110001000110100000110110001
10111110001111001010001100100000
00111110100000100110110011101101
10111110010001010000100000001100
10111110000010010001011011110010
00111101110010000110100100010110
00111110011100101000010100100010
00111110100111100110011100111101
10111110000111000010111011100000
10111101111010101001101101000111
10111110010001110011111110010100
10111101100011011101101101010011
10111011110011110101100001111101
10111110001110011001000001111111
10111101100001000111101011101110
00111011100111011111110010000101
00111101010011100111100111111101
00111101011000001101001001100000
10111100100110111011010101100100
10111101001100001101101011100100
00111101110001111101001101000101
10111110110110000101001011100110
00111101101100010000010001111011
00111110110000001111110111001000
10111101001101110111011001110111
10111101010110011111001000101001
00111101111010011011001001011100
10111101110111110010100011111001
10111110100101101101000111010110
10111110110100111011000111011010
00111101001100100000110011001100
00111101000111010001010010100110
10111110101010101001100111110100
00111110000111100111001010010011
10111110000010000101001011010111
10111101011000000110101100010010
00111110100110000101101010010001
00111110100010100100110001000101
00111110100111001010000000110000
10111110001011001010001111011101
00111110110110111000101110100010
10111110100010000100011000101110
10111101110001110011000010010010
10111110101111111011011110011111
00111110101100101000010001110111
00111101110001011001101101010001
10111110000110101000100111101111
10111100100001101100001010000111
10111100011010111011100100010001
10111110101100011111111111001101
00111110000110100111110000011111
00111110001000000001100000100011
10111110001111100010010001111001
00111110000100110100110100111010
00111110000111011110011011100101
00111101010010111010110110101100
10111101101100111111110010111101
10111110110010000111100100001111
10111110101100010101000111100110
10111101001111000011010010101001
10111101111011010011100011100010
10111110000101000001011110000011
00111110100110100011001000000110
00111110011100000011011000101010
10111100111101011110100111011010
10111110010011010000100101011011
00111110100011111110011110101110
00111101111100010100011000001011
10111101111110000011111100001000
00111101101001011010010101111010
00111101101010101000011001001010
10111110010001011100100000100010
10111110011110110100111011001111
10111101100110011010101100011000
00111110000010110000111010001010
00111101111110001000000100100011
10111101100100111011110110000000
00111101101101100011010011001110
00111110001100001110011101011100
00111101000000011001001110001111
00111101100011110001100001110000
10111110000111000001100110111000
00111101111110000010010111100000
10111110000110001111000100010110
10111110000101100001101111110110
10111110110001001100000100101001
00111100111111001101100000010101
00111110101011100111100001101010
00111110000001101101001100010010
10111101110110110100011010110000
00111110000001110010011000011100
00111100100001101100001110011111
10111101111001111110010110000011
10111110110001111001110011000111
00111101000111001000000001011110
10111110000111011001101111110011
10111110100001101101110011101000
00111100110111010110111100001111
10111101010000110101001011101100
10111110010000010110001010011000
00111110101111000101110111101011
00111110011011101101000111011111
00111110100011110100111011111000
10111110011000000110011100100001
00111110101111010101111011110011
10111110010100010100111000111111
10111101101001010100110110010010
10111110100100111001000110000011
00111110011111111111100000010000
10111110000101001010100101110110
10111101111001101011001111111101
00111110010100010010001011001111
00111101000101110011011101000010
10111110011100011100100000110101
10111011100100010010001011110110
00111110011110010000010110011001
10111101011000110000010101111010
00111101111100011101000000010111
00111101100110010001001010010110
00111100110001001110001110110110
10111101111110111011010111110001
10111110101101110011010001101010
10111110100011110100000100001010
00111110011011011011101100100010
00111110000010001101110101100001
00111101111110001000001101010001
00111101100100111111011101010110
10111110001111010011011001101111
00111110011000110110000111000100
00111110000000110111000011100100
10111110011011010001110110010011
00111101110011111000000011010100
00111110000101000101000100111010
10111100101110111000010011001010
10111110000101011011100011011010
10111110000111000001001011010101
00111110001011000010100001000011
10111100011100100110000110001110
00111101110010111111101010101100
10111101101010001100111000011011
00111100111111110110110101010000
00111110001001100111000001110110
10111011111000001000110100111010
00111110100000011010100111110110
00111101101001001010000101111101
00111110000111100110000010100101
10111101100100101110000101010001
00111101101101101011110111010010
00111110001100111011110010111110
00111110010100011010001101110001
10111110010011111010110000110010
10111110101011001111001010011110
10111110010101110101101100001111
10111101110011000001110101111000
00111110000100011111010010111101
10111101110000010010001111100010
00111110000111000010011110101100
00111101111111111110111111010011
10111110010110000101011110010011
00111101010000100011101011011110
10111101110101001010100010101001
00111100101111110110101110011111
00111110000010100001101000001011
00111100000101100101111001111000
10111100011010000010001100001101
10111110010010110010111100001110
10111100100011011010000110011111
00111110000110001000110111111100
10111110100100001110101100111101
00111101101010001011101101111010
10111110001000010001110101000110
00111110000011111111011100010111
10111110001110110000011111110011
00111011111111011010011011011001
00111110100111111000000111100101
10111101101110010000011010101111
10111110000110101100100011001010
00111110100000000011001010001100
10111101111000111000011100000110
10111110001010000010011001011000
00111110011111101100111100100010
10111110011111110000010111110100
10111110010101000110100011001110
10111110011001100101110001100011
10111101110110011100100000000000
00111110100100010111000101101011
00111110101110000001000001011000
00111110100111000011011110101000
00111101011010001000111001110001
00111110010111100001011110001111
00111101111011001110001000111010
10111110011001011111011001111110
10111110010000100001100100001100
00111110001010011011000001011000
10111110011110010001111111101111
10111110010110000000110101011000
10111101010010000001101100101100
10111100011100001111110001000001
10111101011010001101111000011011
00111110101101011001000001001011
00111110000100101110100011111000
10111100111011001111010100000010
10111110011101011000001110001011
10111101101111111011011011010000
00111110010001100100110101101111
10111110010001101011001010000101
10111101110001111011110001101001
00111101101101000100110000001101
00111101111010001110000110111001
00111101000101101011101100110001
10111110101100101001001001000011
00111110001100010111010110011011
00111101111100011111011011010010
00111110100000101101111111000011
00111101100110011001011100101000
10111110110110110000001000110001
10111101011010011010011000000100
10111101101110001101001100110001
00111110000100010010001010010100
10111101110110000110001101011000
00111101010111101101011001100111
00111110001011010001100101010010
10111110100100000100011110111100
00111101000100011100010101000111
10111101111110100011000000011100
00111101111000111011010110100100
10111110000000101110010001101000
00111110010010111001010111111001
10111110010110100011011000100110
10111110011111101000010110101001
10111100111011011111001100010111
00111110011111010010001100010100
10111110101110010101010011001011
00111110001100111100001000001101
10111110010111011011110000110111
00111110100010110000001101110101
10111110101100010101111110110011
00111101101100010110010101011110
00111110110010100000001010101001
10111110100001100100101111000111
10111110000011010111101101001000
00111110000000100010010011001010
10111101100001000000010010111100
10111110101010110001000010100111
00111101111000100110110110111011
10111110101000010000110000001100
00111110001110101010000000110000
10111110100011000010101111011100
10111101100010111101101000011001
00111110101100000010101010111110
00111110111000010111001101111011
00111110100010001100010101000000
10111101101000110011011011011011
00111101011101010100110000100010
00111101111010100111101111110110
10111110000101001011110001010010
10111101100010010001100010011011
00111101111001100010000110001111
10111110001000011001111100101110
00111101111101100101001000010101
10111101010001110100010101010000
10111100100101001101100100111110
10111110010001101101000100011000
10111110001101010111001110111010
00111100000110110011100000111000
00111010110011110100100010000101
00111101111010001111001010000011
00111110010011011110110001111001
00111101110011011110111011110001
00111101101100000011001110000000
00111110010110010001001100010110
00111101101001110011110100100001
00111110000101110001101110111111
10111110010001001100011011110100
10111110001111101111001001101000
00111101000100110100011101001011
10111110001000101111000000100011
00111110011110000110001100010100
00111100110100010001111011100000
10111110110010001110111000111000
00111110010101101101001100111000
10111110000011111010100001010001
00111110000111011111101111001000
00111101010001111110110001101010
00111110010100000011101101010001
00111110000110011000100111011011
10111110100000111100011001001101
10111110001100110110110111111101
10111101101001100010101000010001
10111101000001001111111110100000
10111101001111000110011010000000
00111100111000010011100011100001
10111101101111100000011100100111
10111110011011010101100110001111
10111100100101100100101011000101
00111110000110011001110100011100
10111110101001101101011110010101
00111110010100011101010011000100
10111110010001101001000101011101
00111110101001111010101000010000
10111110110011110100011111110110
10111110001100110110100010101001
00111110101111000100011010011011
10111100010101100111001010000111
10111101001011010010011000001000
00111110010010000001010011100110
10111110010101011110110000110010
10111110010001111011010001110111
00111110010011011100100010110111
10111110100011000101000101111111
00111110000100101001110110100110
10111110100001001011011110011111
10111101101111001111000100011100
00111110101000101010001010011000
00111110110110000001110100010000
00111101101101111101111110110011
00111110001111011000000001000001
00111110000111000100111111110111
10111110110010100100101010010001
00111110001000100001011111111000
00111110011011111101101001000111
10111101001000001100011010110100
10111110001011011110010001001101
00111101101001101011110011101010
00111101110010001101110011111000
00111110111101110111010110101110
00111101101000001100000001111100
10111101111101100010100010001110
00111110000111001110010100110101
10111110110001101000110011000011
00111100101010110100001110110100
10111101111111100000110100011101
00111101001110010101010111100110
00111101100000001110100001101111
10111101110011010101110111010101
00111101101100011011111011001000
10111101001111101111110011100010
00111110000110111100001010010011
10111100101101001110011101101000
00111100111011111001000010110100
00111110010101100111001111100111
10111101101000110011010101011000
10111101111111110010111101100101
10111110110001101001000111010010
10111110011100011101001011101111
00111110001001000000001101110011
00111101010010001111100010101110
10111101100100011110101101000001
00111110100000000111000000011111
00111110101101100101000110100111
00111110001110101111000000011100
00111101010101000111100000100111
00111110101001111110010110101010
10111011100011001110000011101100
00111101000001000000100010001100
00111101001001001001101011000110
10111110001100100110111101100010
00111100111010011101000101011111
10111110011001111010101010010110
00111110000000001101100110111111
10111110010110101110111001001110
00111110000010110000101011110101
00111100110011000111100000110000
10111101000000100000100010001111
00111011000010010110011010101010
00111100010110000000111101111101
10111110010000111011110110000001
10111110001001100000111101111101
10111110000100101110100100001001
10111100110000000111010110001101
10111100000001000000010111101010
10111101110011000101100000111100
10111110000111100111101101010000
00111110100011100000110001001100
10111110100001000001100000010001
00111110001000000000010011010011
10111101001011101100011001011110
00111110100000111111111001001011
00111110101101111010101110101010
00111101110101001011000101001111
00111101101101010100100000010010
00111110011101001111011011000101
10111110110111000001111010000110
00111110001110110000100100101011
10111110010111011110000010111110
10111101001011111010110011110001
10111101111010010001011101011111
10111110011110000100101011010101
10111101111011000110110000011001
00111111000001100110111010110011
00111110010111010011000110110010
00111110110101111111011100010011
00111101110100010011111111100100
10111110111000111111110111011111
10111110101011000111101110110100
10111101111111100101001110001010
00111110001110111101000000011100
10111110101000100010100000010100
10111110001100100000111011100100
10111110000010011010100010000000
10111101010101011001101001000100
00111010101001010110011101110101
10111110100100000111101110010110
00111101101111010011000000010101
00111110000011111011111000100010
10111101101101100100100100001010
00111110011001001010101100110111
10111110110111010000100111011000
10111101101011000000011100001000
00111110010100111111011111010110
00111101100010111010110111000000
10111101100101001001001001111010
00111110000100100001110111110011
00111110110001010101001001101000
00111110010100100011100010110000
00111100101100011001011011011011
00111110101110000001001001100110
00111101100001010100001001001100
10111110100010111010010010101100
00111110011000001110111011010100
10111110110000101000111010111111
00111101001000000110111101110001
10111110100001100101011010011100
00111110010001110010000101010111
10111110011011111001000110011101
00111110011000010010001000100011
00111100011101101001000101011101
00111100100001111010101010011011
10111110000010100111011001101010
00111101101010011000101010010010
10111110011100010110000011010111
10111110100111011110000011001111
10111101100110010110101011010101
10111110010011001110000010111001
00111101100001000101110000101100
10111110011101101110001000100100
10111110101111000111110000111100
00111110100111001011101010100011
00111110010000010111111000110001
00111110001111111110101101100100
10111100010001100110100011001110
00111110100010101001000101101111
00111110110100010010010101101010
00111101110011001000010101010101
10111101011111111010000010100100
00111101100110000110100111011000
10111110110011100101000101101111
00111110011101001000101001111110
10111101110010011101000011100110
10111101101100101101111000011111
10111100110001010011001111100101
00111101111011000001100001010001
10111110000000010001110101000110
00111110111111011110000010111010
00111101010011111101110111100100
10111110000011110101000000100110
10111101000110100101000011010010
10111110110011010100010101011011
00111101010011011010010111111010
00111110010101001001000010001110
00111101101111011010011110001001
10111100010111011010110010100011
00111110001111000001010010111011
10111110000010001001100111011111
00111011110011001111111111110010
10111110011111111010011111100101
10111110000010011000001000010010
10111101010000000111100110001111
10111110001010000011101111000001
10111101101001011000111100010000
00111110010010001001101011100000
10111110110101101011111001001101
00111110010101011111101011100100
00111110000000101101110001110011
00111101101110001001010011100110
00111101111001111011001110001000
00111110100111001101111111010110
00111110101101011011010101001101
00111110010011001111001010011111
10111110010101010100010001001100
00111110110000010110101001010010
10111101101011001101111001100010
10111110010000010100100010111010
00111101001001110101110101111011
10111110100001010111100010001000
00111100111100111001110111011000
10111110011111000010001110101000
00111101110010100100101101110000
10111110011000000001010000111111
00111110100010011011101110011001
00111100100100101110101011010010
00111101110111100110010110010110
10111110011100011000110010100000
10111110010010101101000111100010
10111110010101110001111000110010
10111100100010010001101010100000
00111100100110010001010111000010
10111101110111101110100110011011
10111101110111001111111100010100
10111101110100111011111000110010
10111110011101111101100001101101
00111110100110000011010010011010
00111110001101011110001111100110
00111110001000110001001000010100
10111100101101010110110001011000
00111110100001001010101111111000
00111110110110001101010011011100
10111110100110110100110000000010
00111101101000111110010010110010
10111101001000001101001001110101
10111101101100100111101001110100
00111110000111110010100011001110
00111110010110111101010100100100
10111101111111111010011101011101
00111101000001000010110101101010
00111101101111001101100011100101
00111110001001111001110011010011
10111100001010001100000111000101
00111101010111111100010011110001
10111110000100100000110011100101
10111100000101011000111101101101
10111011100011110001101111101110
00111101101110010011011010000100
10111101100001101110000001001101
10111110001001010110110001111001
00111110001000110101110100011100
10111100011000010001100111101101
10111101001011001000011101000001
10111110010001001110010111100101
00111110000101110111111001001101
00111110101001110111101001010100
10111101101000011111011011110010
00111110010000100001110111010101
10111101111011000001101110001001
10111110001011111101110111011000
00111110010010110000100110111001
10111110010001010111101100010001
00111110000100011001001011000110
00111110000100000111110100110010
10111101110100001111110100110111
10111101010100100111100110001001
10111101110100110101111110111011
00111110100111000001101100110100
00111101010011000101001111111000
00111100111100010110000011000011
10111101100111011001000001101101
00111101111011010011010110011101
10111101110101011011011011111100
00111110010110110110101111001001
00111110001110100110010110111100
00111101000001011100101111011001
10111110000001111110001111000010
00111110011010011100100010011000
10111110000101100000000111100011
00111110010010101000111011000101
10111110101000101010011110011101
00111110100110011110110100010100
00111100001100110100001101011011
10111111000000100011101101101001
00111101000010000111111100000011
00111110000001100101110110000000
10111101101110010111100011100100
00111101111111011101011000100100
00111110010000010010010111011101
10111110010100000111001011111001
00111110101110101011011001101010
10111110010011000110101000000011
00111110101111011011010110101111
10111110000001001011001010010011
10111110010010101000100101110001
10111110010111000100010000110000
10111110101111110000110001001010
10111011111001010000011100101101
00111100101100000110010100011101
10111101111000100110101001010001
00111110010011110010100000101100
10111110010000110000001010000011
10111110001000100010001111111111
00111110000100000110100111001011
10111110010111010111011000111100
10111100110100111011110011011110
10111011100111001111110000010101
00111110010101110110111000010110
00111110101101101000110011000101
10111101100101000111100000001100
10111100100011000010011111010100
10111110011111010001000110001100
10111101101111110000001001110010
10111101101000001101010011100000
10111110010000011110101110011101
10111101110101110101101110010101
10111110100010010010011011011111
10111110100000111011001010100000
00111100110011010001000110010101
00111110000011011101110001101101
10111101000110011101111110100010
00111110000010011000100000101011
10111110001001110010110011101010
00111110000100111111010010011000
00111110100010001010010011111100
10111101110110010011111101110000
00111110010110000110010000001101
00111110000011000001111010000011
10111101111010110110011011000100
10111110001111100011011101100000
10111110000000110000000001101100
00111110110010000111010010011100
00111101000110000111011011001110
00111101010010110110111010010111
10111100101101110101101010000101
10111110000111011111001101000010
00111101001011010110010100111010
00111101100100001101111111001110
00111110011101011010111100011001
00111100111100010001110101011011
10111101110110100100000111010001
00111110100101001000000101011001
10111110000000110011110100101110
00111110011101110111111111100111
10111110110001100100001111110011
00111110011101010110001100111101
00111101101110000110111001010100
10111111001001101010011110011111
10111101100011111111001111000101
00111110011111110101010101011101
10111110100011110001000100110110
00111110011010011110100110010110
00111101110100010001000001000111
10111110110111110111100001110111
00111110111001000101010111110001
00111110001101010011110010110111
00111110111010011110100000011010
10111101110010010100010000010101
10111110100000011101010001110111
10111110100000101100010110010001
10111110101011101001100010110010
10111110000010010011010110100010
10111101111010111011101100010111
10111101101110011001010010111001
00111110011100001010010110110011
10111101100000110010111110101101
10111110001110111000011010001101
00111110010011011000110100110011
00111101111101100111100011100100
10111100111011001000001111011000
10111100001010001011010111101100
00111101010011100110100000101110
10111110001101001010101010011000
10111110001111001111010111001101
00111011111100010011101111000010
00111101111001000101111010011010
00111110001110000100110110110100
10111110000101011010001101100100
00111101110010110100100111001111
00111110010100100001001000010011
10111110011100110011000110101111
10111110010001111111001101111110
10111110010100011010001101101001
00111110100001010100100111101110
10111110000111101000000001100010
10111110000100001001111110100111
10111110000100101101010001010111
00111101110101011110101101101111
00111110011101000010110000101111
00111101110100010001111111110100
00111110000001101111001101000010
00111110000110011000101101100110
00111101001001001100000100111100
10111100000001011111010010111101
10111110000001010111111100011011
00111110101110010111011101011100
10111110001100110000010100110111
00111101100101111101000110111010
10111110000111001001001001110100
10111101100011000000101001000111
10111101111001100101000011111011
00111110001010101110000001000100
00111110010101011100100111110000
00111101000001100011000011010001
10111110001011110101110111010111
00111110100001011111001011010011
10111101100010101100100110010100
00111110011010000111111010111101
10111110100101001001001010101111
00111110000001010001110110011001
10111110001011111111111010001111
10111111000101101111110010110101
00111110010000001000010111101011
00111110100110000100110011100111
10111110001100011010111000110110
00111101011010000111000011000100
00111110010100111001100000111101
10111110100101011011000110111101
00111110110011001001000011101101
00111110000001111101110011111100
00111110110010111111110010011001
10111101111100111111000110110011
10111110011011001010010010001101
10111110010001001010000111110101
10111101100101001011010000011111
00111101110011101000100101000110
00111100010101110011100001000100
00111100100011010100010101101110
10111110011101100010010101110011
00111110010001110101110110000001
00111110000010101110100001001110
10111110011011100110111000110111
00111101110000011110000001111011
00111110010010101000101110011011
10111110110001001111100000010010
10111110010110011010111101101111
10111110001101100110101000011111
00111110000101101101111001010011
00111110100000110101110111011100
00111110000000110010010100111111
10111101101010100110000101101101
10111101110000000100100111000000
00111110001001010010001111101100
00111100100100001101000001111001
00111101111101101101111100111110
10111100100111000100010011000111
00111110000001110001010001110011
00111110001101101100001011101100
00111101010011010110111011011010
00111110000001001011011011001010
00111110100101000001001100000010
10111110010001111100110100110111
10111101100100000100100111111100
10111110000111011011111100101101
10111101001101100100011000110101
00111110001010000011100100100000
10111101101011111110110111010111
00111101011001010011001001001110
00111101101000110100101001001010
10111110000000100001110101011110
00111101000010010001000100100111
00111100101000101110101010010001
10111101101001000111111111000110
00111101111010101111010010100111
10111100100110001000000100010110
10111110000010010011000110010011
10111110010000110110111110111011
10111101101010101101111000001100
00111101001111001100100000001000
10111110011110110010010110001001
00111100101001011001010010001100
00111101110101011000000100110101
00111101101001000111010101111011
10111110000111101010011001110011
10111011010000100011110001000010
00111110011100011110011111010011
10111011000010001101101100100110
00111011000101100110100110101011
00111110100111010111000110011111
10111101010011000100111110001100
10111101000111111001011000101111
00111110100010111111010101100101
10111110100011100111010110101110
10111110001100011000011111001010
10111110000111001100111110010000
10111110000000001111100011110100
00111110000101011111110101001110
00111101010011010010111101001001
10111101100111001001101100001001
00111101000111101110100110110111
00111101110011000100010110011000
10111011110111101011101101001011
10111110101001010000100110000001
10111110001100110101101001110011
00111110010001111011011000110001
10111110100110010111001010010000
10111110010011100000010101000000
00111101001100010001000100101000
10111110111101111011001100010010
10111110001010000110101110110011
00111110100110010001001110101111
00111110000100110000101001101100
00111110101010100010011100001000
10111110010010001110011100001011
10111101101110110101011100011111
00111100111111100000011010100101
10111110001011111011011000001110
10111101101001101101000101111101
10111101011001101001010111111000
10111101001010110111001101000111
00111101001001100000001111011010
10111101000011111010000000001000
00111110000011010101110001100001
00111101101110100111111101011001
00111110110100110110001011111100
00111101000100001101111000101111
10111101111111110100100010010101
10111101100101101110100100000111
10111011010100010101100010111100
00111110000100001100010100010010
10111101111000000100000001000111
10111101001000000011110001101110
00111110001000001010010101011010
10111110001011001111011001011011
00111101000110011000010111101000
00111101001100011001101100111010
10111100110101101110001100111011
10111101111011001000001101011110
00111110001101010110011000101010
10111110101110010010110010010000
10111110100010010000101000101001
10111110000011000000010010001010
00111110000110001001110111100111
10111110101101101110101010101101
00111101111011100001100011101100
00111110000000111010001100101001
00111110011001000111000001110100
10111110101000011101110110111101
00111101100111110000110111111000
00111110100111001111110100011010
10111110001100010100001101110011
00111101101100111110001100011111
00111110011000110111010010110100
00111100011000001101011001011110
10111110010010000011101101000010
00111110001000110010000011100000
10111110101110001101100110110111
00111110001010001100111011001100
10111110001101010010101011010111
10111101101100101101100001101110
00111110011001100011000101001010
00111101110100000000101100110101
10111101100110110001101101011011
10111101100111111110000010001111
10111101000100010000011010110110
00111100000001111010011000000110
10111110011100010100101011001001
10111101001011000101111010010001
00111110000101001101011010000111
10111110011001000001010001110100
00111101110101001000110011000110
00111101010110101101010011010101
10111110111000111011010111010010
10111110100011010100010100011111
10111110010010000001100001110110
00111100110001101101101011111011
00111110101001101001000010100100
00111101111101001010010011010111
00111110010000011010010101001010
10111101000111111011110101000011
00111101101101101100011101100001
00111110010100101001111111001000
10111101000101011011001101001011
00111011111100001011001000010111
10111110001001001111110110100000
00111101110111000110000010101111
00111100010111110110001111010110
10111110000111101010010100101001
00111110101111110000111000011011
10111100111110001101011101011000
10111101110010001110010111110001
00111101111000001100001001101001
10111101010010101001101000101001
00111110000100001111101110101011
00111100001011010100011111111010
00111101110001000111010001010001
00111110000011001001101101100001
10111110000111110011110111011010
10111110000110001001001000000111
00111101010100001000001111000010
10111110000100010110010100010110
10111100111110111011000100001000
00111100100010100011000111001010
10111110011011000011001110000101
10111110011110010101110101010111
10111101111001001001110101100101
00111101100010011100011101110100
10111110101000001100011101110011
00111110000001001110000101100101
00111110000000010101000111001101
00111110100001000000111100000001
10111110101100111000111110100011
10111110001000111100101111101110
00111110100100010100101001001110
00111101000011110110010010000000
00111110000110100110110000000101
00111110100011101010000000000011
10111101111100001001011001111011
10111101100100100111101110000111
00111110011110101000011011000100
10111110101001001001111110111100
00111101110101110110100011010111
10111110001011000101110000011101
10111101111101110110100101100110
00111110010011011011010010011111
00111101110010001000000000011110
10111110011111001001100001011111
00111110000100001100110010010100
00111100110101010111010000100001
10111110110010101010011110110101
10111101111110100101010011101100
00111110011000111100010001011101
00111101101101011101011000110001
10111110010100100100111000100001
00111101111000001110111001111010
00111110010100111100111101010111
10111110100011001110100010011000
10111110000010101010111101101001
10111110001010010111100100000000
00111110000110010100011010110110
00111110001100010100100101010110
00111101110101110110111110001101
10111101110100001101000010110110
10111101111011010011101011101011
00111101110111101000000001010100
10111101001010110100010101101010
10111101001100101101011011000110
10111110010010011000101000100010
00111110000110111111111000111011
00111110011110110001101100010100
00111100101001010101011001100101
00111110001011001011000000101111
00111110100001010111100100000011
10111110001101101011010110011001
10111101011110011110101110001111
10111110001110100110101000100011
00111110000111000110011111100110
00111101110111110111101100101000
10111101101010110010011010001001
00111110000100000100000100011001
00111110100111011001011111100010
00111101101010011001101100110101
00111101001001001010101111010101
00111110110101111001011101111001
10111110000101110010000101101011
00111101100000111001001001100011
00111100000101001011001101101010
10111110100101000011011100011110
10111101110110001000001100100101
10111110100111111111010010001000
00111101001100000111010100110011
10111110010111011101010000110011
00111101100111111110110001111100
00111110101001110011100000101111
00111101011011010011101011011011
10111011001000011100110111011000
10111001100000011110111111100100
10111101001001001001001110001011
10111101010110001000000110001101
00111101010000100011111000010010
00111110010101111101101111001001
00111100110100000111110100110001
00111011110011000100000010111101
00111101101010110000111100111001
10111100110000111001111010001001
10111110011001100110011110110011
00111101101110001111100111001011
10111101110011110110111101101001
00111110001001110101001011010111
00111100111010000000100100101001
10111110100111110001010100000000
00111101011101110000101110110000
00111101110101010011111101000000
10111111000000000101010100010111
10111110000111001110101111110111
10111110001111000111101000110101
00111101111011100110000110001111
10111110010110001110000110111010
10111110010001111010110100111001
00111101000100101001101111101111
10111110101101100100011111110001
10111101010010001010100010010100
00111110101011111011001101110000
00111101111110111010000101110110
00111110011001100100101011001111
10111110011011110000111100001011
10111101110001000101100000100011
10111100100001010100111101010110
10111110011110100000110100110111
10111101111110010010000111110110
10111110100011011100100000101010
10111110100001100100011100010011
00111100111100110011101010010101
00111101010000011011011100010011
00111101101101101100001111110010
00111101111100010001010110010011
00111110101100001111101110001000
00111101111010111100110100110110
10111101100100111011101010110100
10111101110100100000111111011001
00111110011010010111000000100001
00111101110110000000000010111111
10111101110001010100111100011100
00111101000111001010000101000010
00111110110000000100000111011011
00111101111110011101110101111011
00111100110110101000100001010101
00111110111111001101011111010010
10111101111011000101100001110111
10111110010011111101010011001001
00111110010010010010110100001110
10111111000001110000110000100101
10111110000010001001111010001010
10111110110010101011101001010011
00111101111101010100011011010101
10111110100011100010010000011110
00111110001011100111001010110011
00111110110011000011101010001001
00111110000011010011010111000000
10111110000100001100110001110111
00111101100100010010000001011110
10111101101010000011110011000001
10111110010011000100001000010000
00111110010000000011111100000111
00111101101011100000010111010010
00111101111001011000001101000101
10111110000000011111000111010000
10111101101111100110000111100110
10111100110110001100100011011000
00111110001011010011011100111110
00111110000011001110001110000000
10111101100010111110111000110011
00111110010011111010101010110100
00111101010101011110110000101001
10111110100011111000100100001101
10111101100100010100110001101100
10111101000111101110101000000110
10111110111010101000001111111100
10111101100110110010101110001110
10111101011000011011111000101100
00111101100100110010110001100101
10111110000000100000110101110100
00111110000010011111011110110100
00111101000010001001100010010110
10111110101001100010000011110001
10111110001110100111010000100010
10111110001101110111110111001001
10111011100011111001100011000001
00111110011010000001001111000110
00111101111010010011011100100110
00111110011000110011110010010110
10111101101011010001110000101100
00111101000111011111010001000110
00111110010110011000010100010010
10111110100000000001101100100001
10111110010000010011001000000010
10111110010001100110011110110111
00111110001100011010101001001011
10111101000111101010111000011111
10111110000111101100010101111110
00111110101000110100000001110010
00111101100100111011001011011000
10111101100010110010100010010100
00111101110110001010110010111001
00111110000111010011011101011001
00111101111010111100011111100110
00111101010110111011111101100001
00111110001111011001101010010111
00111110101011100110000010110100
00111101111000101100010111110110
10111110001101101010001000111010
00111110111100100001101111101001
10111110011100010000001110100000
10111101111011100000011110000011
00111100111001111000011011011010
10111110110010011011010110001001
10111110000000011101001010101111
10111110101110011101101001100101
00111101000101010101111101100111
10111110011111101011000010011100
00111110010011010111000000100100
00111110101111011111010001001110
00111110010011101100100011110000
10111110010110110001010001000110
10111110001111010110110111011010
10111101011101110001000011111100
00111101010010101011111011011101
00111110011111001000000011111001
00111110001000011111000001011000
10111101001110110011101111010001
10111011001010010011100100000111
00111100101111000100111000101000
10111100101101100001110110001110
00111110000011011101110010010010
00111101110111011001100101111000
10111101101101010001101110011001
00111110010000101000011000110100
00111101100111110000111010111111
10111110101011000111010101011000
00111101100001110011001011110110
10111101101001101100110111110000
10111110000100100001111111110010
10111101100110110010000101110010
00111110010000111111111100100000
00111100011111111011010111010011
10111100001000010101111101010000
00111101101011101100001110000000
00111110010110010100110111101000
10111110101001011010010101001100
10111101101001000100111101011010
10111110001010011101100110111000
00111100110110100111001001111111
00111110100000001111110111100101
00111101111101101000100110110110
10111101011100110100010011000010
10111110010000010000010010111011
00111110000101111011100011000011
00111011111111110001101100101010
10111110000001010101011111001001
10111110010101000110011100101110
00111110000011110100000000111110
00111110110000010100011101110111
10111101010101100000100001000101
00111110000100101011101101011000
00111110000110000011000101011001
10111110001110111011000011000101
00111110011001000100110010000001
10111101111011100001001011001110
00111101110111111100100010111010
00111110000111000010100000101011
10111101101100100101100100011100
10111101010100111111101100110000
10111101001001001101110101101100
00111110000010011111001001110000
00111101000110011110110100001100
00111110000000101010110111001000
10111110000100101101010001001000
00111101110001101101011100011011
10111101101101111011110100111110
00111101101001001010101110001001
00111100010011100000011000000100
10111101100101110001100010000010
10111101111001100010000100111000
00111101111011100100001100110001
10111101110110100111100101010000
00111110100101011110010111010110
10111101101110010110001111100010
00111110010101000101011011011111
00111000011011011101011010011101
10111110100000010110101001011110
00111101010010011001011100000101
00111110000000001101011000000010
00111101111111101111010001111110
00111101110010100001111010011011
00111110000110001110111100001010
00111100101110111111101001001110
00111101100001011011011100011111
10111110001011010010100100110110
00111110010011011111101000110110
10111110000010011101010111110001
10111110000010010111010100011100
10111110100010101011101110000011
10111110111011011101011111010000
10111011101111001111101100001110
10111100110110011111011001100111
10111110011011010111101101101110
10111101101001110101101011000100
10111110001011111111101010111101
00111100100000101011001111000111
00111101001000101011001110010011
10111110010100110011111001010011
00111101011110101101010011101000
10111110110101111101001000111100
00111100111001100101010001111010
00111110100110011010000010110001
10111100001110100011110000100110
00111110101010000010010010101011
10111110010011010001010010000110
10111101101001000110100100101001
10111110000010100010100100001111
10111110001101010001111110000001
10111101101101111111111001010101
10111110101110011111011100100100
10111110101001000101101100100111
00111101001101001111110100111011
00111110011100011001111111111001
10111011010001001111010101001000
00111101110101100101010101011011
00111110010001011100000011011000
00111101101010100010010110101110
00111110100111000000010111010111
10111101101111011011111001000000
00111110010011100000010000110010
00111110000000011000011010010010
10111101111000010011000010111111
10111110001101010010011100011001
10111100101110011001011001000101
00111110011010010010010111110010
00111101001001011000000010101110
00111110001111100111001011100000
10111101111101100101110010101011
10111110000011101000111110111000
00111101100001111100110110010011
10111101101110011111100100100100
00111100111111100000101001111000
10111101111101100111110010110010
10111101100101101100101110011100
00111110000010110011001111001000
10111101100110000000001000011110
00111110110011010011101000010001
10111101111010010010001111111011
00111110000100001110111100100010
00111101101000101110010001001000
10111110110000011001011010000101
10111101011101100110101010011000
00111110100101110001100110011111
10111100010101100010110001001011
00111110010110001110100111100010
00111101100000010010100110011001
10111110001011010111111110100110
00111101111010011101100100111011
00111110001000100011101001101000
00111110100101101100011111100111
10111101110011010010011111101010
10111110000111111100100001101001
10111110101001101011110100011010
10111110110101010000000011101110
10111101111010110101011110111001
10111110000101100100000000011000
10111110010010010010010001110111
10111100110101011110001101110110
10111101000010111100000100001100
10111100000110101111111001111000
00111101110001011101100110011001
00111101110110001000110101110101
00111101100010101010001010000111
10111110110001011011000110111100
10111101110011101011101111101001
10111110010010001010011001001100
10111101111001011110110011110101
00111110101000010110010101101100
00111101111110100110010010110010
00111110001110100010000111001100
10111110001111101000110000010010
00111101110000000101111010100100
00111110010010111111110111110101
10111110100111111001010010100001
10111110100000010010100010001001
10111110001000101111001001010100
00111110101100000000001001001001
10111101111000101000011001010010
10111110000100001001010101111001
00111110001110110011100010001000
00111100110111001011101001110110
00111110100010111111011100000000
00111101000100100100101010010000
00111110000001000110010100100001
00111110000000101111001001101010
00111100001011101100011100000011
10111100100110000001001010011000
10111100111101101011111101011010
00111110010010100011001110000100
10111110000101110001110101010011
00111110001101000100000001101010
10111110011001100100000000010000
10111101010011010001111011110101
10111101101000101010101011111001
00111100101010001100110111101000
00111100101001110001111100011100
10111101110011001111110011100111
10111110000001010110000100001011
00111110000000010100010110101000
10111101000010101110010001001101
00111110101110011011110101010111
10111101001110101100101111011110
00111101100000000100111011000100
10111110001000100000001001011111
10111110101001101100010001111101
00111110001000110010001110011100
00111110101000011000001011010010
00111101100111011000111001001000
00111101011010000100000110000000
00111110001000111011001011001011
10111101000100101101101000100000
00111101101100000111111010011000
00111101110000110111001110101010
00111110011101111001010100100111
10111110000001011110111100100100
10111110000011010100011000011111
10111110100010000010001000000011
