00111101010100101100100001100000
00111101110000100011111010011000
00111110010111101010100110010101
00111101110111000000010111001101
10111101101001010110010000001010
00111110000000011100010111011010
00111110001100111000000100100100
00111101110100100100011001010000
00111101101000100110000101010010
00111110100011010101110110001011
00111101101000101110110001011000
00111110001001100100000001100100
00111110011000001101001110001010
00111101101010011011011001010110
00111110000010010101110110000110
00111101110101001010000100001010
10111101110001110011011010100011
00111110011010101001001010100011
00111101110110111000110110101001
00111101000000101110101110010000
10111101111111000110111000100100
10111100100101100011000010000111
00111011010000000111010000100001
00111010111101001010111010111111
00111110001001000001111110100010
00111110011101111011000011100000
00111110010100100000010100111001
10111101001111011011111011011101
10111100111011001000000101110100
00111101111111011110100101011100
10111100110110101111011100011100
10111101100000000101100010110010
00111110010001000010010110100011
10111011000100111110101101000000
00111101010011100101101111011001
00111101100101111010100100111010
00111101011010011101101001011001
00111101001111010000001100100101
00111110000100000001111110000101
00111100000000011101100101111111
10111100111001001000100001000000
00111110100001101010001011001110
10111101010110101101010011000001
00111101110101001100111010011011
10111101110000111110110101101010
10111101011011000000010011001110
00111110001111100111100101001011
00111101110110101011110100011111
00111101101010100100011010100010
00111110101111110101000001110001
00111110100110000110110101100111
00111101100100011100110101110010
00111101110011110001111101100100
00111101100110011111100100111111
00111101101110111011110100110101
00111101101100110001100101110001
00111110010000010111110000110101
00111110000101010101111100001011
10111110000001100001101100001101
10111100011100010101110010101101
00111100110100011110101010100101
00111110000101011101001000010100
00111110110000001001110110000100
00111011110010110110110001111001
10111101100010111010001010010010
10111101101000000001111001110101
00111100111001110111010111110001
00111011100111000000110111001101
00111110001110001001111000110001
00111101100011011001010001011010
10111101111011101100110101101100
00111101110100111100000011001110
10111101101001100001011011101001
00111101110010101011100100110000
00111101110111001001100010100001
00111101101100010011010001011000
10111100110100001101001100101010
10111100000111011001101011011111
00111101100010101011001100010011
00111101000110110011011101001001
00111101101011100111111101101110
00111101011011101110000110000011
00111110100001000000011100010010
10111101100010101001110011010111
10111110000010111101101111000100
00111101110110101101111101101101
00111110100001110000110010010010
00111100100001110101111101100100
10111101101110111001110010110001
00111011110101001000111010000111
00111110101101010001001111010111
00111110001000110011101001011001
00111010110011110001111111111110
10111101101010100010010010000001
10111101011001010101100010001101
00111101111111100110101000000000
10111101110010101010111110100011
00111100100101000101100111011111
00111101000111101011111000111100
00111110010010100110110000110011
10111100001001100100001010001011
10111101010010001000101001110101
00111010010010010010110011011000
00111110010111001111101000000001
00111110011001101110101110111111
00111110010000111111010110111110
10111101101101001111100110000110
00111110010010010011101000001001
00111100110101111100111110001011
00111110000011000000001000110110
00111110100001111110001010100011
00111110001111001011101010010000
00111110010001110011100110011110
00111101011000100101110110110011
00111110101110001100100111101100
00111110001101010000011000110111
00111110010101111111110000100100
10111100110110011100101011010111
00111101100110101001010110010100
00111110010010000000101110000000
10111100000000010010000101001000
00111100110011101000010000010000
10111010100000100101010010011101
00111100110011010001101100110000
00111101111100000110101011011000
10111101110000010011100010101011
00111101111100001011101001011100
00111110110111001001011110011101
00111100000100101011000010100011
00111100111000111100000011111000
10111011101001100011000111001101
00111101111101000101001100010010
00111101000000010000110110000100
00111101111110110100110000011001
00111101101010101111011101101011
00111110000101110011100000011111
00111110000110001100011111100011
00111101001111000110101010100000
00111101111101111101011100011000
10111110000010010001101001111010
00111110010001000011100010011100
10111001100111100110111101111000
10111110000101111000011101111101
00111110100000010000100110100110
00111101001111101011100010100101
00111101000100110010000110011011
00111101011111111110000101011111
10111101011111000000111101000011
10111101101111100111010011011000
00111011100101111110011100100111
00111100011100100100010010101101
00111110000110100010011011011111
10111101101011000100110100100100
00111101110010011001000000111110
10111101101001000010011010101110
00111110001111000001101001100111
00111101010100001111001010010101
10111101011001000111110110110010
00111110000110000011000101001101
00111100011101111001000111000100
00111101010001001000101110010110
00111101111001100011101100010100
00111100111011010000000110000011
00111110000101110010000101000011
00111110010011100111011010111101
00111100111000010111011101011010
10111110001011101010100000011110
00111110000110011100000011000100
00111101001111011000100001000010
00111100111100100010100000000111
00111101101010100111000011111111
00111110001001011110100011111101
00111101010111010010011010111001
00111011111011100110000110111000
00111110000001000101110110001000
00111110001110100011011010001100
00111101010110011100110101100111
00111110001010111011111001101011
00111101110110001000000111100111
10111110000001110001010001110011
00111110001011011111110111110101
10111101101110100101010101010010
10111110000101010001010001011001
10111101001000000000000101111010
10111101001000111011010100100010
00111101101101101101000000100101
00111110100100101101110001011111
10111101000100010010001101010100
00111101011000001110010001010101
10111110000001110010010001011100
10111110001100000010000000110001
00111100110111110000011110011101
00111110001111110001010100001111
00111110000011100011011101101010
00111110001101110000110011010111
10111101100111000110101011001011
10111101100101010111111011101100
00111110011110111101100110101000
10111100100101110010100101101001
10111110001001111010101011100100
00111110011001000010000010001100
00111110001110010100111110011001
10111101111100000000110000001100
10111100111000111001111100011101
00111100000001100111100110011100
00111110001110010111111111111111
00111110001111100101111011001110
00111110100000110010011110001001
00111101110010111001101111010001
00111101001110110011000001010111
00111110000100011011100010100111
00111110001011110010011001110101
00111110100000110101101110101010
10111101111010110100000111011101
00111110001101010000100000011011
00111101111111010001110000010011
00111101000101011111110000111111
10111101110001010000110000000100
10111101000011011000110000011111
00111110001011101010110000000011
00111101011011000100111101000101
10111100100010100111010011110101
00111110000101010110010001111100
10111110000111000001011011111101
00111101001100110111101001101111
00111110001101101000010100110000
00111110010100100001110000011001
00111101100011001110010011000010
00111011001110101101111101110101
00111101010010001011111001011110
00111110110001111100000100001000
00111110101001001000000100100101
10111101100100000011010001110010
00111110100010001000111011101111
00111110010010010001101010010101
00111100111101100011110111011000
10111110000010001011110010010101
00111100111101111111101110001001
00111101010011101101001010010000
00111101010010111010001011000101
00111101111110110111011101011111
00111100100110010100101001111010
00111110111011011011001111101001
00111010101110000111101101011111
00111101111100110111001001111111
00111101110001101001001000100110
10111100100001101111011011100000
10111011000100011100111010101000
00111110100111111001001110111000
00111100110001000110010001110011
10111011000011001110100011101110
10111101110011110111011101101100
00111101011111011011101000100100
10111101010010011110100011011010
10111101100100011010001100100010
00111101000110101001101000100001
00111101101001000110100100111010
00111110000101111100000100001001
00111110001110100101010010100111
00111110011011001011001010011010
00111101001011011011010101011101
10111110100000111110110111011100
10111101011001100111100011100101
00111101110101001110101100011011
10111100100010000000000000001010
00111110010001111100110000111011
00111101000011111111011011011101
00111100101100011110101110111000
00111101011011001110011100010110
00111101011011011011100011111011
10111101001011101010101010011110
00111110001100100011001111000111
00111101111000000000101110011000
10111101100010111110110010011111
00111100011011101111101110111011
00111101011001010110110010000110
00111101000111110101100001110010
00111110010010010101100000011001
00111100101010100010110111110110
00111110010000100001001010011101
00111101100000000000001110110100
10111101011010100001001100000101
00111100011110110111010100010110
00111101100001101001000100000111
00111100011110000001100100000101
00111110011011011111001100011000
00111110000110101001110100011010
10111100101001011101010110111110
00111110011100010110100110101001
00111101101100111101001010001101
00111100001011010001010101101101
00111100110001100010110011111100
10111101100110011101100110101111
00111101000101011010000000010010
10111110010101101011100010101011
00111101110011101011111101010001
00111100100001100000100101111110
00111101010001110000001111100010
00111101101010001011101010001000
00111100010101101000100100111000
00111101010010001101011000011101
10111101011000111011001111100110
00111100011110001001010110110011
00111100101010001001100101111101
00111101001111000100011000110111
10111101010011110011010111101010
00111101110111111101001111011101
10111110010100000001100111101100
00111100000100101101111000001011
10111101111000000000000011000001
00111101000100010101101011101001
10111100100110011000010111000000
00111101000011110010011011001101
00111110010110001011100101111110
10111101100010010000101101010000
00111101100010001100001010111010
00111101101001100001100101011101
00111110001000010100101111000011
00111101101111000101001010011100
00111100010100110011100110000100
00111011110111100010011000100000
00111101010011010100000110001011
10111100011010100001111101101111
00111110100110001111001000110111
10111101001001000101000000101001
00111101111101111010001001111011
00111101110011011001111011001000
10111100010010111111111101101110
10111101101011010001101000010011
10111100101010100111001000010111
00111100100000100001001100010010
00111101010001000100000011101100
00111110100100011110111010001101
00111101000100010110011110001111
00111110000100011000111010100000
10111101001010110101111110000000
00111110001011001101110010100100
00111110000101011000101000001000
00111101000111000011111101000001
00111110001101100000100000010111
00111110100001001011110100110010
00111101001010110111010100101111
10111101110100000001010010001001
00111101010001111001110001111110
10111101111110001111111011001111
00111110101010001001110111101110
00111110100011001000001111111000
00111110010010110001110001111010
00111100101000100000000111110110
00111011100111011010001001110110
00111101101100001001110111100010
00111101101010110100010110000000
00111110000101100010011100011110
00111101000011111010010011010111
10111011110111101110010010111011
00111101011110101000000011011100
10111101100110111011110001000110
00111110100010101101010101101100
10111101011101001010000001010000
00111100110000101111010110100100
00111101101101010101001011111100
10111100011011001110100111111100
00111101011101110011011101010100
00111101101001010110011111100110
00111101101111111011110010100100
00111100110111010110000100000011
00111101101110111101011010011000
00111110011110001011100110011110
10111101101011010101010111110011
00111101101011001110011100001010
00111110010001110101101101000100
00111100100101111110110100111010
00111110101011101001000111000011
00111110000100010101101110011010
10111100110101010110000011101011
10111101101011010000011101011111
00111110000010101000110100010101
00111110001111001011110011110010
00111110011111110010001001001001
10111101011001111010101110011100
10111101010001100110000001000100
00111110000101111000001011000010
10111101101110011011101111111010
00111110101001001001111000010001
10111110000010010101110100111100
00111101101000101010100101111111
10111101111001111111100010101011
00111100100011010001111101101110
00111100011111001110111001111000
10111101101011000100100011011110
00111101000111101010101110101110
00111100110101010101111110101011
00111110010000011010101011000001
10111100001000100101100010111110
10111110001001001101001011010111
00111101011001010010111100000100
10111101100011100000000110110000
00111110001010010000010001000010
00111011110111101100001110010101
00111101111011011011111001010001
10111101000110111001011110001110
00111110001101000010011001000011
00111110000100101110101000010011
00111100110101111100111100111100
00111101111000011110100001001011
00111010001111001011011100010001
00111100111101010000111101010111
10111100100100110100011110001000
00111110011010110101001101001010
00111110001110001100011011001101
10111101011001111010100101110011
00111100111110010100011010110111
10111101000001010011101100111101
00111110000100011011110110100110
00111101101100101100100111111011
10111110001010101000001110010000
00111110000010111100110010110001
00111110000001000101100010111011
10111100111100100001111011001001
00111100110110011011010000110010
00111100000001010110001010110001
00111101010000000000001111010010
00111110001101110110110001100100
00111101110111110001010101000111
00111101001011010000000111111110
10111110001011011110001110011111
00111110001100111111110011101101
10111110001001100010001110110000
00111101001011010110101010111100
10111110001011010101010100111011
00111110101001011101010100000011
00111011000101000011110100011011
00111110000111001110001111011000
00111110001010100101110011000000
00111100100010101111100100111000
00111101100000100010001111001100
00111101101000100101011000011000
10111100011100000011011110111111
10111011111100111101101000111000
00111101111100100000110100010100
10111110001110100011110110011100
00111011001111111011011111101100
10111100100000010110000111001111
00111100011011001011001000100100
00111101001010001010011000101000
00111101011100011000110100100101
10111100110100010111101101000001
00111100010010001001111000100011
00111101011101000011101001100011
00111110010001001110011100101101
00111110011011111011110100111001
00111101101111000010100010111100
00111110000111101100111011100110
00111101110001110101010110101111
10111101100001111100100111010111
00111100011111101100001101001001
00111101101110011101111011000010
10111101101101001111000110101101
00111100101101000111101000100000
00111110100100010101011101111010
00111110001100110000011010100000
00111110001001011110011110111110
10111100111100101100101101000011
00111101000010001000101110010101
10111010011001101011110111110111
00111110001100100110011100110111
00111101100001010011110110101101
00111100000100010101100000110001
00111101011010001000001001000011
00111101001001000111011001000101
00111110110010101100001111100111
00111101011010110101101000111101
00111101111111100111000100110111
10111110100100011110111100011101
00111101011010001101100110110100
00111110000111100101010111110011
00111110011010101100100010001010
00111101010101000110010110100010
00111100011111111010110110010111
10111100111111110010000011011001
00111110011101110100110110000011
00111101101001011101010010100001
00111110000001100111001101010111
00111100100010011100101101000011
00111101100100011001010001011001
00111110001100110011101011011010
10111101011101110111101111011110
00111101100100101000111100011110
00111110001010011101111000000111
00111101011100010001110011010000
00111110101101010001010011000101
00111110100101110011010110000110
00111101100100110101100110100101
00111101000110011111001001000010
00111101000101010111010111011101
00111110011101101111011000110100
00111101001001100001000110011001
00111100101000110000001100110001
10111101010110101110110111000100
00111101101100111001001111000011
10111011001000000110001111101001
00111110010111101011000011011000
10111110010000011111000101001000
00111101101111101000010110100010
00111110000111101011101101001100
00111110001110001101111011011100
00111101010101110000101011010011
10111011100100000001000111101000
10111011010100010110001101100110
10111110000110110110011111111000
00111110001001100110010100000010
00111110011000100011100001010011
