10111101101101101111001111110000
00111101111000010001001100110101
10111101010100010000100000011001
00111101000111010101001101110001
00111101011000100101101010101010
10111100000100001101110001100000
00111110000100111101011011010011
00111101100100100111001111000100
00111101011000101001010100011010
00111110000001000111101100010000
10111100110010001011010111001011
00111101100111111000011100100000
00111110000110110010001100100110
00111100011000110110110001101111
10111100111001010010110101100000
00111110000001110100010110111000
00111101011011010001111001010000
10111100010011010101010111010110
00111110000010100000100100101001
00111100111011110000000000110000
00111110001010001001111010110101
00111110000011110011101011011100
00111110010100110101011011000101
00111101100001010100100001001011
10111101011110000100101100101101
00111101100010100000000001001110
00111101110111110100100110010010
00111101000001111001101000100110
00111101000100100000110011111010
00111101000010100111000000001110
00111101001101001010101110110010
00111101111011011011111100000110
00111101000000100111101111100011
00111110011101010101010101010110
00111101111101001000001000001101
00111101000100111011001001001011
10111011110110100000000011011110
00111101011111111111111001100011
00111101111101000110110010010010
00111101111111100111101111001101
10111101101001111011111011100010
00111101001011111011101101011111
00111101101111101000110111100100
00111110001101010000011000111011
00111100100001101100001110000011
00111100110111001011011100101000
00111100101010010100110011110110
10111100001100101000101101001010
10111100110000101111000011111010
10111011110000011001010011001111
00111101100000110011010011111011
10111101000011100100110100000000
00111101000000010001101100010010
00111110001010001000011001010001
00111101000001111000110110001000
10111011100101011111011111000000
10111101100010110111010010010110
10111100100101101001001000101010
00111100110011110101001010000100
00111100100101101001101110000110
00111101010111010110011000100011
00111010110100100101101000101010
00111101100101000010010001011101
00111110010101001100001110001011
10111010111000001111001010011110
10111101100011001000100000110100
00111110001110110110001010100011
10111100011000001111000111011000
00111100011110010000010001101101
10111101000100100110011011110001
00111100010011011100010111011111
00111101011001111001010101000011
00111101111001110010110101101101
00111101101100011010101101110101
00111101110100101111001000100011
00111100111001101101011000100011
10111101110110010010111111000001
00111101001011111111101001011101
00111101101010100110101000110011
00111110100010101100001000100101
10111100101011100100010011001110
00111100111011101101101011011101
00111101100101101100011101011111
10111101100011110100011110100100
10111100111000000110101101100010
00111101110000001010001011000101
00111101010000110101100110001101
00111101101101100001101000000101
00111101010111000111100111001110
10111101000110110101001001110111
00111101011001010111011100000000
00111100010100010001110001010110
10111101010000000001101111011111
00111101101100010100000000110010
00111100000011101111111110010111
00111110000000110100110101011100
10111101010101111010000100100000
00111110100010111001011110000110
00111101110111100100111110001111
00111100111110000110110110100110
00111100111000111000101010000001
00111101100101101100111110000101
00111101010100011001111101100101
00111101110011111011100110010001
10111100100000000011101001101000
00111101110100001001111100010011
10111101101010001010011101111010
10111101000101011101001100011010
00111101111010111000001101111001
10111100101001000111010100100011
00111101100011000111000010001001
10111101010110100000000011100010
10111100010110011001111000011011
00111101000001001000001011011100
00111100001111110010111111110110
10111100101001111110111011101000
00111110010001100101110000100111
00111101010000011001100111101110
00111101011101011010110011010101
00111110000001000010011101100011
10111100110100111010111110110110
00111101100000000011000001011010
00111101100000111011010011011111
00111010011000100011011100010010
10111101000011110100000101101100
00111110000010101000010100011011
00111101110100011100101101111101
00111100011010101110111010000100
00111101010110010100000011110100
00111100111011110001110101110000
00111101001101000100010111111000
00111101110110101010000110111000
00111101101100110101010101001000
00111101001011011011010000011000
10111011101110110011011100110111
00111101001000100010010010010000
00111110001011001010000111110100
00111100110010001111010110101100
10111100001010101000001010111111
10111101001010000100011100010100
00111101010010110010010100001100
00111011101011111000100011000100
10111101101001011110010010101111
00111100101001111110000011111100
10111101000010111011001001011100
00111100111001110000110000000011
00111101001011000100101001101011
00111100101111000110110001010000
00111100111010100100000000101011
00111110000101110111000110010010
10111101100101010010000100100010
00111101001010100010010111010101
00111101110000100110100001000100
00111101101001000101110010000101
00111100111111001000100100010111
00111100110101110100011010010111
00111101011110011110111100000101
00111101110100001000011010100001
10111101000010101100001011110000
00111110010101111110110011011011
00111010110011010111000010110100
10111101000111111110110101111001
00111110001000101110110101000100
00111100110101000001010101101110
10111100000011001000100110110001
10111100101001010000100001101010
10111100010110100001011110100110
00111101010111011000010010011101
10111100101010010000000011101011
00111101101001100100101001011111
00111101101011010111000110111110
00111101001111000001000000000100
00111101100000010110000011001010
10111101000001111010001001110000
00111100110001001010010101100100
00111101100001111100111000010010
00111110001001000000001110110110
00111101111100001010100100011001
00111101001010111110100110111000
00111100101011111101101100011110
10111101010100011000111111100011
00111110000001011101010101100101
00111101010011101000011001001001
10111100111100001000000001001111
10111101101001101101011001010100
10111100001011110000110100110001
00111100100001110010011010100100
10111100100110000100111000011001
00111100001010111111100111001101
10111101100000001010100111110010
10111101011100101001110100101000
00111101101001111101010011100011
00111101100000001000000101110011
00111011111000001000010100000110
10111100111100010000010111101001
00111101101010111001011011001000
00111101011110010000100011101100
00111101111011101000110010101101
00111101101100111010110101011111
10111011111001001001000101110011
00111101110101100110001010001101
00111100110010000101011111100001
00111101110111101111000001110011
00111101011111101011110100010011
10111110001001000010100011100101
00111101011100100011101111011101
00111110011010110101001111110101
10111100011011000011000001111110
00111101101010111001010111011000
00111101110000111010101100011001
10111101100000110010001111111011
00111101110010110010011110000010
00111100010111100001001010011101
10111100010100100101100000100110
00111101110011000101000011000110
00111100101100110001100110100011
00111101110010101101111010111110
00111101000000110100101001111101
10111100001100101111011010010111
00111100101111110010001101000110
00111101100010111001010110101100
00111001010011010000101110000101
00111101011111101010001010100010
00111100101101110011111101100101
00111100101000011111100101001100
00111100100100101011101101111110
10111100110101100110110010011011
00111100001011001001001011001110
00111101110101110101110100001010
10111110001000000110110110000100
00111101101000101101010000001100
00111110001001011111101110011100
00111100110100001111111100110100
00111101110101111100100000111011
00111101100001100011111001011111
00111101011000101010111100101001
00111101110011001101011100000101
00111101110111101000000001101001
00111110000010100011010101011000
00111110011101101101001011100011
00111110010110111110010100001111
00111100110001001001111010000110
00111010111101111011000101110111
00111101100010110011000100010110
10111101011000101010010100101011
10111110000101010110001100011101
00111101100010100011011101111100
00111110000010111101011011110011
10111101000010010001011101101011
00111101010111010110001111111110
10111110000000100000001000111001
10111101011011100110001011010100
00111101100100100001101011110100
00111100100000011001110101000110
00111101100110101010110001010011
10111100010010001000000101111011
