00111101101011001000110100100001
00111101011111011011110100001010
00111100110111010010011110100001
10111010000011101100001111000010
10111001111010100101001101011001
10111101000001111110101010100101
00111011100100111110110101001000
00111100011011110100110111111000
10111100001100101110011101001001
00111101001101100110111100001001
10111100001100010010111010101010
00111101101111100101101110001100
00111010101001100010001101111100
10111011011010010010110001100101
00111001010100111010100101111010
10111101001100000011001000011010
00111100000100011101011010011010
00111110000101100010000110000110
00111101001011101001101100011100
10111011100100100000000001100101
10111011101101100001000010100111
10111100011100010000010101110011
00111101001000000010010010000111
10111011100110100110011100000000
10111100111000100000111100001010
00111101100101000111100010000111
00111101001000100010000110010101
00111100110111010100001000010011
10111100001110110101101101111101
00111101001111100101100101110111
00111100011101111111111101101100
10111011111000000100111100000000
00111101100110110010100100000001
00111100100000111100000000000101
10111010110001101000100001100110
00111101010001010110100000110111
00111100011100011111000000111111
10111100101101101110001110000010
00111101101000001001101111001010
00111101000100111101101011011100
10111101000001001101111101011001
00111101010011001000001001001010
10111101010010100000100010010110
10111100100010010010101000111100
10111101001000110110101111110000
00111100010001010010000100111100
00111110000100111111100010011100
00111101101000100000100100110001
00111101101001000101010000110001
10111101101110111000000111100011
00111011010101011011000110000110
10111100010111010011001111110011
00111101000000011110110101001010
10111011110100101010100001000011
00111010011010111111111100000011
00111100010100100110000110010101
00111101101101110001110101110110
10111100110111011101101000110110
10111100010010100110001111010001
00111101110110110010000001011111
10111100010110100101011101000101
00111101100011101001010101010101
00111110001110000000110011010111
00111011010011101000010100100010
10111100101001001011000101000000
10111101000011001110011100100101
10111100101010111100101110000111
00111100101101010010001100001100
10111011011111111000101110100011
00111100111110101010010111000000
10111011011001110000101110100111
00111011010010001110110101011000
10111101010001110100110110000000
10111100001100011000010000100010
00111011110011101000110101000001
00111101010100100101010111100101
00111011101000011111010111101101
10111101010110010011100011111001
10111010101001011100100111110011
10111100111001100110010001111011
00111011101110111000010011010101
00111101001111101101101111011101
00111101011000100101111011000111
00111101001100100000000110011110
10111100100101011111101111101110
10111011111000010101111110011001
00111011001101011101010011101110
10111100010100110111001001010100
00111100001010000100001010000000
00111101101110111000011101000010
00111011111010011011011011111000
00111100001001001000000010010110
00111101100101110100010100000010
00111100100010111011100110001100
10111101001001110101110001100110
10111101011001000000111111111111
10111100001010010001100010011110
00111101000001011010101011001010
00111110001100011100111111011001
10111011101010111000000100110101
00111100100110110001100000010001
00111011101010011100100010011001
00111011010011001011101111101100
00111101000110000110001011001011
10111101011111010111010100101010
00111100100111001101000010010001
00111100001010000100111110111110
00111011100101001111101111010100
10111011010010000110011111100001
00111101010000010000100011100010
00111101100001001100011000110100
10111100100100100000010111000110
10111100111101110011111000111111
00111101000110111001100101100010
10111011100000011101110110111100
00111101000000011000110000000011
10111100110110001010001000001101
00111100000001101111011011100101
00111101101011111101011001001110
00111101100111101000001101000000
10111101001010110110001010111010
10111100110110101000010111011110
00111101000101001011001111111100
00111011100110010011010000110010
00111101001010000110010001000001
10111100011000110001010101011101
00111100111010100110010001000001
00111100010100010011111111110110
00111101011111000100001100000101
10111100000101010000011000111101
10111011011010001001010100111111
00111100100010100101110111000100
10111100100110111111011110001000
00111011100011101111101001100000
10111100010000100001011101010100
10111011101001010101101001011001
00111101110110000111000111000100
00111100111011110011001110100101
10111100000001011100101000111000
10111100000000001111011010000001
00111101000000111101111011100101
00111101001011000110001110101101
10111101001001101000010100111100
00111011100100011100010010011011
10111101001101001101001111110111
10111010100000011111100001010101
00111101011011010001110010110010
00111100001100111100001000110001
00111011010001110110010101010001
00111100111011011110011010110101
10111100001100010001100000110000
10111100111110110011101001011100
00111100111111110101100001011101
00111100111010101111100100001100
00111101001110011100100011011111
00111110000101000011000101110101
10111011001000010110101001110100
00111100001011111010111100010010
00111101001000110101001001000011
00111100000011100001000100101100
00111101011000010000000101100000
10111011000111001100101001000111
00111110000111110010110111111010
00111101101011011101000001010001
10111100011101000000110101111000
00111100011001001101000000101010
10111101001001001100000001010110
10111011100111011011001010110010
10111100110000011001100101111101
10111100101100010001010010011000
10111100101000001100110111101111
00111100011010110101111010010010
10111100100001111001011101010100
10111100101100101010001001010011
00111100000010000001111111010010
10111101000000010110111100001111
00111101010111110101110100000011
10111100001100100111001111100001
00111101110100011100110011011110
10111101000111100010011011101100
00111101100110101101101100110000
10111010100000011010110001110001
00111010110011001100011010110110
10111100010100100100101001010001
10111100011100101001101111110001
00111010000001011110001110010100
10111100111001111001000001011000
10111100100011100110000000011110
00111110000011011011101001001100
00111101001010101101111110001011
10111100001110110100010000110111
00111011111111100111101001011011
00111110000010010101001000101110
00111101000011101110101010101000
00111110000110111101110110001011
10111100111011101010101001010101
10111100101001100111011110110000
10111011100001010010110011110101
00111110000010110000000010111111
10111010110100011011100110011100
00111101011000010110001111000010
00111011101100101000111010110010
10111010001101001110010111111001
10111100100101101000111011011110
00111100010101000101000110011000
00111101001001000010100110011011
00111101101000000100101100111100
00111100000001111000011101100001
00111101100010010111011011101101
00111100110100101100101111111101
00111100100001011010010110101010
00111101000011110111001010111101
10111011011001110110110000000011
00111101101111111111011001010111
00111101011000100011110111100011
00111100110100110111010111101101
00111100111100100110011001111001
00111101000001011100000101010100
00111100001011010100100111110101
00111101101010010111111000010101
10111100101101100100100010101010
00111100000111010111010111100011
10111010110111000110111011010111
10111011001111011010010100100110
00111100111101110001010010110000
00111100101110000001110111000011
00111101101101001001001101000111
10111100001001011000001101001110
10111010101010011110101111101101
00111110100000000001011010111011
00111101001000010001101000111000
00111110000001110111101110000110
00111011101000001001001100101111
10111100101011010110110011010101
00111010100000010100011101010111
10111011101110110001000011000110
00111100000011110010101110101101
00111100101111011000100111000100
10111101001001000000101111111101
10111100000111000010110011101011
10111100110010001101101100101111
00111101011111100001101111011111
00111101010000001101000011010010
10111011111111001110111010100001
00111011110000011101110110010110
10111100011111111110011011001110
00111100010001110011111100011110
10111100000011010110100001101011
00111100100001010111101110110101
00111101001100000001000111010010
00111101011111000011100000001011
00111011110010111000001000000110
00111101010000010000010000000010
00111100110111011111101101101111
00111010110101110100101001001010
10111100100010010111001110100011
