10111101100111000111110110011011
10111101111000010110101001000111
10111110000100111001110110100111
00111101000111011110110000000110
00111110100001001001010000101101
10111101101111001111101011010110
00111101010010100010011001001011
10111101001010101111100010011111
00111011110100000010001111110110
10111110001111100000100100011000
00111110000001001101110010000101
10111100100100001010010000010000
10111110100011101001010101001000
10111100100111110010010110011010
00111101111101101000101000100100
10111110010010111101011001110011
00111101100010100111110011001001
10111100001110011000110010010100
10111101111011011101001000010111
00111101111100010001111010001001
10111110010111110001111111100001
10111110010110000001011111100010
00111110110000010111001110110001
00111101010011010001011111011110
10111110100111001001001010000011
10111101000000000001111110111111
10111110011001000010000000101111
00111101101110011011011001100011
00111110001001101010000011011110
10111101110000110100110111000100
10111101111100100011111001101010
10111101110111010010110111110001
00111110001111010000011000010001
00111101110101010011101111110101
00111100101110111101000111100111
00111110001100010111110011110011
10111111000010001100011001110110
00111110100010101011000100001011
00111101001100110000001001111111
00111110000001111110111110000110
00111101101001001001111100000011
00111110001000101011001001000000
10111110011111101110101010101100
00111110010011001001111011100001
10111101100000011101001010000001
00111101001011010011011011100110
10111101110100100110101100111001
00111110001000011001010010111010
10111110010011111011000110001011
10111100010010101001101100110010
10111110100000000001110001101111
00111101101011011011010010100010
00111110101100001101100010001010
10111101110100110000100111110001
00111100110011110100101111010111
10111110011001100111100110011100
10111101111011000000001111001011
10111100100101110110010110011000
10111101101100010011100010011010
10111110000110111111111010000100
10111110001000111011001111101011
00111110000101011000001101011100
10111100111010010001001110000110
10111101000111010110100100101001
00111110001011011101011111000010
00111110000001100000111100111110
00111110101101001000100010000011
00111100101010100101100001101001
10111110001100101100111001111010
00111101010001011101110101110111
00111111000111001010010101101101
10111110010110010011110100101101
10111101101110110011110001011010
00111101011101010011110100011011
10111101110000010000011100111100
10111110100100010110000111110000
00111110100010110001110101111011
00111101101011110001101110010111
00111110000000100111001100101000
10111101011100101010000010010000
10111101111000101011001000101010
00111110000100011001110110111010
00111110001011110101110100010011
00111101000101000010000000110111
10111101111110011001011111011001
00111110110101010001010111000111
10111101111000110011100110100111
10111101001110010101111110100110
00111110001111111011100001111111
10111100101110011010001110011101
10111010110100110011000000001010
00111110110000110000000010001010
00111101011110011001111001100001
10111101110101110011110101111101
00111110100101111001100100100001
00111101000111001011111100000001
00111101111001000011000000111110
10111110001100011100000111001010
00111100101100000110101010111110
10111110100001011010001100010100
00111110011011001101010111001000
10111110100011100101011001101101
00111110001101110001001110010111
00111110011001100111010000100010
10111110110010010100110101100101
00111100100000101000100100111000
10111101111001011000010101100010
10111101100000101111100000101111
00111110000101100010111001100110
10111101000111010100011011100111
10111100001100011110110010101101
10111110001000101111111100111101
10111101100000010000000010101001
10111110100011010101000010010011
10111100111011011101011000100100
00111101011101011100011101111011
00111110001101010010110100000000
10111100101110110010001010001100
10111110000101100000101100010000
00111011001100001110111010011100
10111101101010100011010001011100
00111100100001000110111011110000
10111100100001110011111001110110
00111110101111010111011110000111
00111101111110001001100110100000
00111110010010100110101111100101
00111110011111000001110101000111
00111110100101001001100000100001
