00111111001110101110110011101011
00111101100001001111110101010001
00111101000011000111001000010001
00111111010100110111011101000100
00111110100000111111111010111110
00111111000011000111011000010001
10111100010010111100101100001000
00111110101100100001111111100000
00111111000011010001010000001011
00111101100000001111011100101101
00111111000110110110001110111100
00111110100010001011100001010001
00111111001001100011111111111111
00111110001011101101010110010000
00111110111101000101011110011100
00111110110000111101011111001111
00111110111011010110111000110101
00111110010111000001111011001111
00111110111100000010111110010000
00111110011100111111101000001111
00111110111100110100110001100100
00111111001101001100000010100010
00111110100010100100011101001101
00111111001011110111111010111000
00111101000000111011111111111101
00111111000110100011111101010100
00111110101100110110000011100100
00111110111001001100001010110101
00111111010001011111010010110101
00111111000101001111100010000001
00111110110010000001101100000011
00111111111000000011111101101011
00111111001010010100001010110100
00111110100110101011001000001001
00111111000001111101010100101101
00111111001011010110100001101110
00111110101010100101101111100001
00111110111110111000100011001000
00111110100001111110111000110110
00111110010000001001000111000010
00111101100101111100110000111100
00111111100011011101011010000010
00111110100100001000001000110000
00111111010111100001011111011010
00111110010001101110010000011000
00111111010011110111000111101011
00111110101110001010001110001110
00111111000000011101011111100011
00111110110110010111010101010000
00111110111111100001111010000001
00111110000110101100110110001110
00111111010010110110011101000100
00111110101010110111110110101110
00111110111100100001100000010100
00111110110101001011111110001111
00111101101011011111111110111001
00111110110000100100100111101111
00111111000110011100010111000100
00111110111100011000100010000000
00111111010100000010011011001110
00111110111010010001000101111100
00111111100010110110101011101110
00111110111101001000010001101000
00111110110100000111111000011110
