00111101000000101110011101100010
10111011010010100100011010100010
00111100110101110000011001010110
00111101000010001101011011001111
10111110001001011111000111000111
00111010100000011101111111100000
00111100101000010110011110000100
00111101101101011010010000101010
10111100100010001101011110110001
00111100011000111111110001001000
00111011110011111011010101001100
00111101011010010111100001111010
00111011001010100111000010100010
10111101101101010101010001101100
10111100101001001010100111000111
00111101010101101101001111111110
00111101001111100001000100000001
10111101000111101010010001111110
00111101001100000111110011000001
00111101010000000101101001100001
10111100100011011101111110010101
10111101010100010110100011100000
10111101011011010100110111101010
00111101011110001000101110100001
00111010001100100010010101001011
10111101000000111011011101000001
10111100101101011110001010101110
00111101011001001000011100001101
10111100100010101100011100010011
00111100101010100101100001101110
10111101111001101011011101100111
00111101001100101111110001000000
10111110000111011100001100010110
10111101101100001110010011111001
00111101001000101010011000111011
10111011011000110001011110110010
00111101100011101101111010111000
10111100110100000001000001010100
10111101010011011000110011011110
00111101011011110010101001010000
00111101011000001001000111001101
10111101010101001011100010110101
00111011100110111010011101111100
10111101010111100000010001111100
00111100001000001110110001110010
00111101110100001000101111010001
00111101001101100000001110100110
00111100110010101000001011101111
00111100011011011001000111000111
00111101001010111000111010100100
00111100100110111001001101101111
00111100100000010001000011101010
00111110000110010011011011010101
10111101100111100011101000100011
00111101011110110100111001010111
00111110000100001000101011100011
00111101000010001111011101111100
00111100001110010000100001111100
10111101100101101101000100111011
10111101000001011110010011001000
10111011110011111111111101100010
00111101011100001110110100110000
00111101000010100100100011110110
00111100000011000111100100011011
10111100101000111000100010001100
00111110001101100111101000011011
00111101000100001111010100011100
00111100001110001111101001111111
00111100110011001100100100001110
10111101011000110100010111111111
10111101101111001010111000001101
00111101100100000010111110011100
10111100011001111100001110100101
10111101000101001001011001010001
00111101100001001111101100000000
00111101000010010011000001011111
00111100111001100001000011011110
00111101000010010011001111001001
10111101010010011100000001000100
00111101110101010110000101101001
00111100111011001011000001011110
00111101000010011000010001100100
10111100000110001011000001101000
10111101010110111000010011000111
10111100000110011110010110100001
00111101100111111001010001101000
10111101011011110110100111101011
10111101011001111000011011100110
00111001001100101111011111001110
10111100100000000111000011001011
00111100010111011001011100000000
00111101010011001111001001011100
10111100110101100100101101001001
00111101010011111011011110110000
00111100111101010011011110110111
00111101101001111001110010100101
00111100001110000101110101010101
10111100011010110111000110100101
00111100111100110001111100001011
00111100111111111110001101111100
10111101000010000110010101111100
00111100111011000010111110001110
00111110000100000110110100000111
00111101100110010011001001011100
00111100001011111011000111010101
00111100001010111000001111000110
00111011011100100011001000001101
00111100011011101110010101101111
00111100011110111110101100011111
00111101110011011000111000100100
10111101010010101010001010101011
00111101100000010101110011010101
00111011001101001000111101111101
00111100110101010111110010001110
00111110001011100000011001001001
00111110011010101111110010110010
00111101101011011010010110101111
10111101110011100010001101010010
00111101111000011011010100000110
00111110000100101111010101101010
00111011100100100101001111011100
10111101000001010000011110000000
10111101101011000111100101100100
00111101011010010011011100111001
10111101000111111001010010111010
10111101010110000110101011110000
00111011110010100000010001111101
00111100101100001100100101001101
00111101001110111100011001001101
00111101011111010111010101101111
10111101100010011111001110110011
10111101001011101111101110000011
10111100000111101011011000001110
00111101010001111110000101101110
00111011010000001101011111001101
10111101010111111100101110110111
00111101011011011000011011011011
00111110000110001000001100000011
00111011110000101010101100000000
10111100110001010111110101000100
00111110001010000010000000100110
10111101011011000101000001110010
10111101000010011011101101011100
00111100001010111100000101111011
00111101101001010111111101000100
00111101110011101110100110001110
00111101000010111110010010101111
10111110000000111111110011010001
10111100101100111100000010011100
10111101000101101110011011100000
10111101000000110111001110100001
00111101011000111111010001110011
00111110000100011101110110110110
10111100111000110001001100100100
10111011010001001100101011110111
00111011001110100110100100101010
00111101011111011010100111010101
00111101001000001011111110111100
00111101001100110000100010001011
10111011101001110010101011011011
10111011100111111110100000000110
10111100110101101010000001100010
00111101000100011111110001100111
00111100001011101010010101100111
00111010010001100111000000010100
00111101000010010100010011100010
00111011010000000010110101101100
10111100100001110110100011011010
10111101001110111001011101111011
00111100110110111110110100000011
10111100001010100001111101101111
10111101010011111111001111111101
10111101000111100011011101110000
00111101100101111000101000000110
00111110010010110001001001110010
00111101100001110111011101110110
00110110100101100011001111101111
10111100101110100111011000010011
00111101101001011001000110110001
00111100111111101111000010110010
00111101101011101110100000000100
10111100100100101111000111101101
10111100000111111001010010010010
00111100111001111001011011111001
00111100111101111000100110111111
00111101010001110111101011010101
10111101011110101110000111100010
00111101000111100000010111001100
00111101011000010000111011110010
00111110001101100110111110101110
10111101100010001111011101111110
00111101110101100010111110010110
00111101100101000111000000101100
00111100001101000010110000110100
00111101001111100100111011011000
10111101101011101101101011101100
00111101011100101100011001000100
10111100010011111100100001100111
00111011100010000100000010110110
00111101110111011010110001111101
10111101100001011011111010100001
10111101101110010101000010000100
00111100100000010001100010011001
00111101101010100101101001000101
00111101110001011101100111100000
00111101111011011101010100101101
10111101100110000011110000111111
00111100001100110100110010010001
00111011000100011111000101100111
00111101001110000000100101001101
00111100101100010001001111001000
00111110001110111110010000011000
00111101001010101110010010001100
10111011101100111000001010001000
00111101111110000000110111011100
10111100000001100101110111111010
10111100000100011100100011010101
00111100110010110010011001101000
10111011100000110001111011010010
00111100001011100100111000010100
10111110001100011000011011000111
00111100111000101011111110101100
10111101110010100011001010100010
00111100111001001001111111010001
00111100110000001000000011110110
10111100110010010101100000011111
00111100100011000011100111001010
10111100100001001000001111011011
10111101000100000010110111011100
00111101000101000001110110110100
10111101000000110001000111101110
10111100011010100100111000010110
00111101110010000001101110010100
00111100110010011110001101000111
10111100100100101100011000011010
00111100111111011010000100100011
10111101011001011111010001110110
00111101010100101110110101000110
00111101110101010011100100011100
10111100111010110001110100100001
00111101110111011011001111001010
10111100000011101001110000101100
10111101010011011111100010110101
00111101011110111101101100011000
10111101001011010000111000010010
10111100001000001100001100111000
00111101010100110011000000111111
10111011101000010011001111100000
00111101110111111111101100101000
00111101000111001010000011110101
00111110000100010101010011101101
10111110000011100101000011011001
00111100100110000111010101010111
00111100101010111111101111100010
10111110000100110001011010100101
00111110001100010111101011001011
