10111101001011101011000001101001
00111101101000011101110010011101
10111100110101001001010000001101
00111101110010111110101001010101
00111101111010000110010100111110
00111110011001000101001000100000
00111110001001100111001000001101
00111110011101110101010111001111
00111110010111100010010111110111
00111110000100001011110111000110
00111100100100011000001001001010
00111110000101110010010111101010
00111100001001110001111011001001
00111011010110001111100101000001
00111110100000100011101101000100
00111110011101000001000101011100
00111110011111100001101101010110
00111110100001101110100100111011
00111110100010000010011010001111
00111110011111001011110101011011
00111110010110101110101000101110
00111110001101010111100000110110
10111100000000111010001010111000
00111101001101110111010100110101
00111110101011111110110011011010
00111110010111001000001010001110
00111101111111110110100011011111
00111100010101001101011011001010
00111100100000001101011010001101
00111101100000110000001110011110
00111110100100110011001001110100
10111101100100111011101001010011
00111101111110011101111111011101
00111110010000101101101000111101
10111101100100010100110101110110
10111101101110000000011010011001
00111110000010101111000100110000
00111110010101001101010001010011
00111100100110011101010000111101
10111100010010001101110000011011
10111100010110110000001111001011
00111110100100110111111101110110
00111101110110000001000111000011
00111011110111001010010001000010
00111110100010010100100000111101
00111110100000101001111010111001
00111110100001111101001111000001
00111110000000010010000001001010
00111110100101000111000001010110
10111101001110100101101110101001
10111100111111100001100100100100
00111101010010101100011100011010
00111101111010111111010000011111
10111101101011000101111101110001
00111110000000111011001000011000
00111110011010111111010111011000
00111101100000110010001010100110
00111101111001001101101110011000
00111101111010001010111010110001
00111100000101011010000001101010
10111101110001110000000011000110
00111110011010110010100111000011
00111101101011011100101110100110
00111101100010101110000100110100
00111110001101110101110100111110
00111101101000101001010000001001
00111110011111101111001011010001
10111101011111000101001011110011
00111101010010001111011111111101
10111101011000111111011100010110
00111110001001110111000111000101
00111101101011101000100011101101
00111101111010011100100101001011
00111110010011111011001100100001
10111101001011101001001010110101
10111110001011100111100010100000
00111110010001110111110010000101
00111101011101111001010111100110
00111110001001011000010110100111
00111110011001111010001010111101
00111101111111011010101000111101
00111110000101000011111110100100
00111110001101010001101000101000
00111110101100111111001000100111
10111101001111000100000010000010
00111110010011101110111001010111
00111110001010000000110001101101
00111101110110101110000010110111
00111110011010010001101101000000
10111100110010011100111001110100
00111110000111001001111100110111
10111110000011100110100000100001
00111101001010111010010010111110
00111110000100001001011100000010
00111110001101101100000111111001
00111101010011111010000000111101
00111110001000110010101110000001
00111110000101110111101110100000
00111101000101101010011011100101
00111110010101001110011111010111
00111100101111010111011011001100
00111101010111010000000100111010
00111101101011111110100010100111
00111110101000010111111010111010
10111100010110100011010110001001
00111100000111111111100100111010
00111100010000111001000111100001
00111110010100001000011000111101
10111100101011111000110111000111
00111110100010000101101110010000
00111110000001001000011100000001
00111110100100001100111100000010
10111010001010110011100010011111
10111100011001011000001011000001
00111101101010011010100001001100
00111100110111001100110000011001
00111110100010010101000001111011
10111101000100001111100111110010
00111101000011011011100110111011
00111110011010110010111011110000
10111101101110000111101000100000
10111100000111110010011010110111
00111110100001111001111110001011
10111101101110100001110100101101
00111101101000011101000010001010
00111110100111010010010101011101
00111101100001110001110111101010
00111101110101000111110010010110
