10111100001010001001011111010010
00111110000110001000110111011110
00111110011111010011010100100000
10111101001010100101101110000100
10111101010010100001011111001110
00111101101000101010010110111110
00111110010011110100110101111100
10111111000011111110100111011000
00111110111011011101001111100010
00111011111111111000011110010011
10111110111001001000011111100101
00111101100000100010111111100101
00111111010100100101101101111000
00111110101011000000101001000011
10111110111001110011101100111101
00111101101110111010000001011101
00111100000100101101011010011100
10111110000111110001111010110001
00111101011000101100100000001100
00111110110001101101110100101000
00111101010101101001010110100110
00111110010011011010011011110000
00111101100101110010011000101101
10111101101010111000010000111101
00111110000000011100000010010110
10111110101000001101111100110000
00111110100010000010001011011101
00111110000010001100101110101000
00111110101010011000111001100011
00111111000000010000010111111001
00111110110100010011010011011110
00111100101000010110100110010111
00111110010000000011110110011110
00111110011010001101000100001001
00111100010010111101010111011011
00111110101001100011000011100000
00111110101110110101001100101101
10111101001101011010111011100010
10111101010011011001110010011111
00111110001010010100100111011000
00111101100110011101110111100110
00111110111000111101101010100111
00111110010000001001010101000001
10111110100100011011010101110011
00111101110111100110111111110111
00111101101001011000111111000101
00111111000111000111110111111101
00111101011100101111001000100100
10111110011110011100101111100001
00111110000001111010110100001110
00111110000110111110010110011011
10111101100001111111001100110101
00111110010011001101100011011110
10111110101001001001101101100011
00111101110111000001011101011001
00111110010001010110010011000111
00111110001001110100110010001011
10111110010100001010000001001000
10111110111001011010000101010111
00111110101000000001110100111001
10111111010111111010000111100001
10111110000001111011011001110111
00111110011101000010100100111101
00111110010100101111000110010110
10111110010001101001100100000011
00111110000010001100100110110010
00111101111110001011100100011110
00111101100010010111000011001101
00111101101100111101111100100111
00111110100010110000111110101000
00111101111100000110101011000011
10111110010111001100101000010000
10111101100001010000000101011100
00111110000101001001110101011000
00111100110101000001110011101001
10111101000000100111100111011001
10111110110101011100011100100111
00111110010000010110110101011110
00111011111011010100011011010001
10111011101010100011100100010010
10111110001000110000101101010000
00111110101000110000101110101110
00111101111111100000110010000001
10111101011100001011110010001101
00111101110001110100101001110010
00111110100000011110110101100010
10111101110011000110101100101110
00111110101110110100011001010010
10111101000010010001111011011000
10111101010100100111100000011100
00111101010111110010001100101011
00111101100001100111010000010101
00111110111000100111100100001011
00111110110001000010011010111100
00111110100011010000001001100001
10111100101101111000010011011010
00111110101101001101110110011111
10111110001011101011111000001100
00111101000100110100100110110000
00111011110001101011100011110011
10111101110101110101001110010101
00111110111100111101000010101111
00111110010100011100111000010011
00111101111101100111001011110010
00111111001000110100000000001001
10111110000111110010000000010011
00111110001111010001010101010011
10111110010010101111111111010000
00111110101110100101001000101011
00111100011101010101111111011010
00111110010010001000011110110000
00111110111010011010011111111101
00111111010101101011010100010100
00111101110010000111110111001000
10111101110100011000011100010000
00111110001001111101001110000101
00111101010000001100111111110111
00111110100110100011000111000001
10111110011111011101001011001110
10111101111001010100100011110001
10111011110000000101000010011111
10111101110111101010011010110111
10111110100101001101100001100001
00111111010000010010100110000011
00111101101101100000001001100011
10111101100110001001010101110011
10111101101001111111010001010100
10111110101100000000100000110111
00111110001000010001101010011001
10111110011111101110000100001001
10111111001111100010010101010000
10111101110101010101000100000111
00111100010100110100010000100110
10111110011000000111111000010110
00111101100100111111001000001100
00111110011110000000101011100001
00111110001000111010101001110100
10111101111000011011110010010111
10111110010001001000101100111100
00111100101101000100101011100001
10111101110001101001000010010101
00111101101001110100000000001010
10111100001111111111011000011011
10111111001110110011011001010010
00111101111000100001010000110000
10111110100001100010110000101010
10111101010100100101001001000001
10111101001110010000100100011001
10111110011001100001101011111011
10111100100001000010110001001110
00111110011100000010000000100100
10111111000001100010000011010111
00111101111010111101010011011100
10111110101111101011111101100011
10111101011011111110110010010001
00111110011100111101100110101011
00111110000001110011110111111100
00111110110110101111111011011111
10111101100111001101010101011101
10111101110001101000111000010101
10111101001011000111000000011110
10111100101001111011100011010010
00111110010000101011011001000110
10111110101001110100111010000001
00111000010001011100111000101001
00111111010001110010011000111001
00111111000011110111011111010001
00111101110101010010111010001010
10111101000000110111010111011011
00111110010001001011100000000001
00111110010110000010111010011111
10111110011001101111101111101101
10111110000001110110001011100110
00111110000001011110110010010100
00111110001111000101101111111101
00111110000011111101100011101011
00111110100101000110101100001100
00111110100011001110111101101100
00111110000011100010010110001100
00111100100011011000011110000011
00111110001000100101110110101011
10111110001011100011101001101000
10111110101100001111010000111010
00111110001110011110011100000100
00111101110001010001011001000001
10111101001001110000010010110110
00111110110000100010001011000001
10111111010000100100011100101011
00111101100001001110000101100110
10111101001011001000110000100010
00111101011110111011000011111111
10111110100001000000111010000101
00111101011011000101101010010011
00111101010111011111110100111000
00111101000001001010100111000100
00111110101001100001110110101111
10111101101011011111010110101010
00111100101010111001111101011110
10111101001110110000101111011000
10111110010011110001010100111110
10111101101111110111110001011110
00111110011101010111111100011110
00111101010001101001000100110000
10111110010000110101000010000111
10111110000110011000111100110011
10111101101100101000101110100110
00111100001111110011000001001110
00111011011010110011111111110100
10111101111001100100011111100001
10111110100100101111011101101101
00111101100000100100101000010000
00111101011011000000010111011101
00111110000111100100001100011010
00111101010100100100100100010101
10111100101011101011100010010101
00111110101001000101111110011110
00111110011100101101010111110001
00111100100011100011100000011111
00111100011011000101010001100111
10111110101011101100001101010110
00111110010100010110000000100000
10111000100010101001110011000001
00111110110010011011001111110011
00111110010001011010100101100000
10111101110111100101100100111111
00111101111101001010110101101000
00111110000010001100001111001010
00111110010110001101010100111000
00111110001110000100100101000100
10111101101001110111110000110001
00111101011010010000011110010011
10111100100011110010010001011101
00111101101101101011010011100111
10111110011011010101101011101110
00111110010010101001011001000011
00111011100010110010100100001100
10111101010101011000000001000001
00111110001001001110110101100001
00111101010010100001110011110011
00111111001001110110110001010101
10111101000101001001110001100001
10111101101100111110100100101100
00111110000111111001010111100010
10111110100000011001100001010011
00111110100101111011110010000010
00111101101100010110011111110111
00111101011110100010010111111101
10111110010111110100110100101001
10111100010100110000001001010000
10111110011110111001010101110101
00111110110101111001011110111100
00111110010101110101100001001101
00111100110011100100101101011111
00111101000010010110011010111011
00111110101001110001111011100100
10111101110100010111111011111000
00111110111110000110000101111001
10111110100011111100111001010100
10111101011111100100111111010011
00111101001111110010111100111110
00111110111100011101001111011011
00111110011010100000011000000000
10111010011010001101001110000100
00111101011011110000100101010101
00111100001101100101101111110100
00111110110001101111011101110101
00111101001100001010111011011011
10111101101001111111101100011000
00111101101010000110101110010101
00111101111110101110111001000100
10111101100101101001011111110101
10111101110011100100011101001010
00111110110101111100100101000100
00111111100000001011111101000110
00111101011000010001101001110011
00111101100111010011110010111111
00111110111010011000100110010111
00111101000110100100101011110001
10111100100100010101101110100111
00111110000000001111010100011110
10111101100010010001010110001010
00111110011111100011100111001110
00111110110010101101100011101111
10111110001100000001111101010010
00111101000000000101000000010010
10111110011101011010011100010001
00111110011100001000100011110010
10111101011111100001010100000000
00111110010001110111111011101111
10111110001111100001010101000110
10111011111011010000101101111100
00111101011110011101000010110010
00111101111011110010100110111101
00111100001100100100010111001100
00111011101111101101111100110111
10111110001110111000100000110111
00111101001110010101101011001001
10111100010111001000001011111011
10111110111001111000000001111001
00111110011000011000100000001100
00111110111001011101111101100000
00111111000000111101100001100001
10111110001000111001011100100011
00111110100011000101011001001101
00111110100000100100100010111000
00111101101100000100001011111011
00111110001110011011001111011100
10111101110011101100001000000010
00111110100000110101000000111100
00111101010010110011100001111010
00111110011111111001011110011100
00111110100100011101101010110110
00111110101110010111100010010101
00111100101001010001101001010110
10111101001010000100110011000110
10111111010111110000001001100011
00111101011101110100101000011001
00111110101100111110111110001101
00111110011010101110100000000100
00111111000000111100010110111011
10111101110100010010001111000011
00111111000110001000010110011101
10111101010101111110100010011010
10111110011000010010101001001011
00111111001010011001111001110010
10111101110001011010110101110001
00111011100010100010110010100100
00111110011101111111101110111001
00111110101010100100110001000011
00111110011110101010110011110111
00111110001101001010111101101100
10111101100101111101111011100100
10111100001001110010100101010011
10111101111101010101011001010010
00111110011111000000110000101001
10111101011001100101000101001110
00111101111000010011010111101011
00111110110000100010000101100111
00111110000111101011111100100100
00111101111000011100000111100011
00111101111001001011101100110000
10111101110110100111111000110100
10111110101110000100100000001011
00111110001110100001101100011100
00111101111010101001010101111011
10111101100000111100000010100101
00111101111010011011111011110100
10111110010000000010101011111101
00111110100010001101100000100110
00111101111011111100010011100011
00111111000100101001000111001000
00111111010100010111110100110111
00111110000001011101110111011000
00111101110101011010000011000101
00111101111000011000111001111101
00111101101010100010001011101001
00111110000101010111101110100100
00111101111010101010111001011010
00111110010110101010011101011011
00111110101000001110010100001001
00111110000010000001100100000111
10111100100100010101101110000011
00111100111011110111101110101000
10111101001010101011110010010001
10111101000000010111101011101000
00111110110101101100001011101100
10111101101101110011100111110000
10111110100000111101110011100001
00111101010001001111111010010100
00111101111100101110010100000111
00111110000111100111111000111001
10111101110011011000111100101000
00111110001111000001100100000011
00111101111001101100110100100010
00111100000110101100110010000011
10111110110011110010110110111000
00111101111000110101111011001101
10111110001101111011101111101000
00111110001101001110011011001100
10111100100110001001110111011101
00111101010100100101011110110011
00111101001101001110111111100011
00111110000010111010100010110101
10111110011101010111111110111100
00111001010001010110011101011001
00111110011110111100100011000110
00111101101011000001011101100011
10111100111000110111001101111100
10111110100110101110110110111010
00111101100001101000001110110000
00111101001010100001010000100101
10111101110011111110011101101110
10111100101101010110010001111000
00111110100111011001011000000100
00111101101111011000100111101001
10111110101001100111101011000001
00111100110101101000011111010100
00111101001011011010011000000001
10111101100010110111011111000001
10111101100101101010011100010000
10111110100011011000101100011000
00111110000111100010011101110101
10111110101100110001000011010111
00111110010011100000001010010001
00111101100000100010101011110101
10111110001101101001001100011000
00111110100101011001000000001111
10111100110000100100000101111110
10111010111111110101000001010001
00111101001110011110100110010010
00111100011011001001110111010110
10111110010001000011111011010001
10111101010010101100100010100101
00111100111111001011111110000111
00111110000011000001101101110001
00111100110111110111010011100111
00111110101110000011100001101101
00111110010111011010011010010100
10111110010100111011111100011010
10111101000111000100010010010111
10111011100100000010010111000010
00111101010100010111100011110110
10111110100111100111011010011100
10111110100000010000001001100011
00111100101101101010001011011000
10111101001001101001001110110000
10111101010010111000001000100010
00111110000111000001111111010110
10111110000100111111000001111111
00111100001011100110000000000100
10111111000011011000110111010101
10111111100000011110000010110100
00111100111000011010110110111100
10111110111011110001101101110101
00111110100110110011100111010011
00111101111000100011001110000001
00111110001110101110001001100101
10111100111101110001111000010110
00111101110101011111111001101011
00111101001100110101000001010000
10111110010011000001010110001101
00111110100011001111010101011100
10111101110000001110110101110010
10111110100010100011111110001010
10111101100001101111010110111110
10111110000011000010101010010110
00111110011011100011001010010101
10111110101001000110101101111110
00111101101100101100110101011010
10111110010010011010011000100100
00111110101111111110000110000110
10111110001110100101010001101101
10111101110010001101000111100100
00111110100011010001001101011011
10111110100011000110110110010100
00111111011110111111010101001000
00111110010011001000011000101100
00111110011011011001011100111110
00111101011000110011101000101000
10111101000010100000010111010001
10111101100110101010111100111101
10111110111100010000000011111000
00111101111100111100100110011010
00111101110111111111010000110010
00111101111110110010001111011011
00111110001111010110110001101110
00111110100111001001100001110111
10111110000110011101011010100011
00111110000100011101011001001110
00111110100101010001101110100010
00111111001011110010011011010111
00111110011011001001111100011000
00111100101111111100011100110110
00111101110011101011000000001111
10111110100100101111010110000100
00111101010011011011010001001101
00111110010111110001101001100010
00111101111010011010001010100101
10111101011101110011111100111100
00111111000110011011000010100011
00111110100100000011101110111100
10111101111010010010110011010011
00111110111101111100111100111001
10111110100110101011111101101010
10111100110011011001010010001110
10111100000110101111011011110000
00111110001000000101111111111101
10111101100101001000000000111101
00111101100011101000000111100011
00111110000011001001101110000011
00111101100100011110011110011000
00111110001111111101111111000110
10111110000110100111100001010010
00111101010101001001110111011010
10111101010110111110000100010111
00111101010000111001101010110110
00111101010110001110110000010110
00111110100110011111011100000001
00111101001110011001001101010101
00111110000101000001110101101000
10111110011100001110001011101011
10111110100101010011101100001111
10111101010000110101101010101000
10111110100010110010111001110111
00111111000010111000111011000101
00111111000101110010010001111011
00111110100010000110110010111101
00111110100000011001010011000111
10111111101101011000001000001101
00111110010101111010110100011010
10111101100000001101001011111100
00111101000101001101100101000011
