10111110100101011111111110010010
00111110101011011111011011101010
00111110001000111001001111001001
00111101001010010100000100000001
00111111010001101100010101001111
00111101001000011101100101101001
00111100110011001010001110100110
10111110010110101100110110110111
10111111000011111111010001010101
00111110000101101010110111011000
10111110101011000100100111101111
00111110001110010001000011001010
00111110110100001000100000101011
00111101111110011100000101010000
00111101101100100000010001001011
00111101110110101010001111011110
10111111011101010111110011100010
00111101010111000011011111100100
00111101100010001100110011110001
00111110011011101111010001000011
10111111001011111100000110110111
00111110000101011000110000111101
10111111001001011111011010110001
00111101000101100101100000001000
00111101110001101000101111011101
00111110100000111111010111101110
00111110100110001110010101001011
00111110100001110100100100100100
00111110101101101100100110101111
10111110111000101111110010100111
00111101000000111000010011111110
00111101011100001110111010100011
00111101101011001000110111001011
00111111000011001010100010111010
00111110101000010100101101011110
00111101111001110011000010000001
10111110011010001111010011010110
00111110100010101001101111000100
00111110101110101011111100001001
00111110000101110011110100001110
10111101111101000000000111001110
00111110100000101110101000111001
00111101011101110111110001110011
00111100111111101010011101000001
10111101100111111111111001101000
00111110010110111011111000101001
00111110011101011011001000101011
00111101110111111011001011001110
10111110101100001000100110001001
00111101110111101011101001101000
10111111000001010110100011101110
00111110111000111111000110111001
10111101110110111100010000000111
00111110100011011010011100010110
00111110010000010000011000111111
00111110000001011100100010111101
00111110010001000101101000110001
00111110001101101010000001000001
10111110010100000101000110000110
00111100111000100001011010000011
00111110100001110110111110100110
00111101010101001100101110001110
00111100101010001101110111011011
10111111000001010111100010010001
