00111100101010000101101110000111
10111100100111010101100111010111
00111101010100101010110011100001
00111101011000000111000100001101
00111101110000100101100110010000
00111101101010001111100010011010
10111100000101001100001111001111
00111101111110001011011100110011
10111100011000101110111110011100
10111100011110100110010001100000
10111100101110101110100010001101
00111100110110000000111011010100
00111100111111000001110001011111
00111110000100010110110110001010
00111101011111100010010000010001
10111100110000101000001101111010
10111101110010100100000011111001
00111101100110100010111000011111
00111101100111001000101011101111
00111011100110011110110111100011
00111101111011001110111001100001
00111101100100001000110001111111
00111101110010001010100110101100
10111100110010100101011100111011
00111101001010110111101001010110
00111101000010110101111011100011
00111101110001100000110100001110
00111011101111100001001110111101
00111100100000101101100000101011
10111100111010110000100000101100
00111101111110011100001100101010
00111101011111010111100110001111
00111101100110000000011001111011
00111110100100101000001110011110
00111101010010100101011110010001
00111100000000100100111011000010
00111101001110001100000110001101
10111100000010000000001010111001
10111100000111001000100110111101
00111110000110001010011010001101
00111110001111111111010110101111
10111101011110110010110101001100
10111001010001011001010010011011
00111101010001001001101011001101
10111101100010100100101011010101
00111101111010111000000100010100
00111110000110001011001101110001
00111100001101011100010001000000
00111101000010111111110011001100
00111110001010110001110000110101
00111110010001101111100101001111
00111101110111001100011110001101
00111100000001001101101000100001
00111100100111110110001000110000
00111101110000111010010101111110
00111101011101000011011101000011
10111101100001100001001011100101
00111101110111100111110000011001
00111101111101000110001100111000
00111101010011011001001001110110
10111101111001010111001001100011
00111101111111111010011110011100
00111100111011011000111010001000
10111101100101111000011100010101
10111100010011100010101010100111
00111101111001010001100110111001
00111101101001101010000011001100
00111101011000110100010101011101
00111101000101011011110010100101
00111100100010101100100110100001
00111101010110110011101011111110
00111100110110001111111011011100
00111100100101000011011101000111
10111100111010100000100001101111
00111110000010111101111100101101
00111100110000011110011011010001
00111100110101111001001010110111
00111101011110101100011100010110
00111101010010111110010011011111
00111100110010011100110011010101
00111100101010101001010101110111
10111101011000001100111100010111
10111011001000100110110000010001
00111101100010110111000000001110
00111101000101010011010010001110
10111101011001100010001001011111
00111100101010011111000001100010
00111101101010101000111001101110
10111101000000111000000010111011
00111110000001001100101001000001
00111101000101101101001001101110
00111101000001100011111001011001
00111101101001100101110100001001
00111101100000101110111110011110
00111110001000100011111010110110
10111011110011100100110110010011
10111011011010100010110100111000
10111100001111010011100000110001
00111100100101001101110000010111
00111110001001100000010001100100
00111101001000001000010010011011
00111100101111101001010011101100
10111100101110001100110010101010
00111100001101110100011101100110
00111101110000100010010101011100
00111101110010000001001000000011
00111101000010001111111101000011
00111101100110111010010101000110
00111101000010111111110001011100
00111101100100110111100100111111
00111101000010100110100111001110
00111101110011001011111110100000
00111110010110111100111001110101
00111110010100101100110110000000
00111101100111111110100101001101
00111101100010010011000010100001
00111110000111001001111011011011
00111101101001001100000011010010
00111101010010111000110010110011
10111100000000111001011001101101
10111100010101010000101011000000
00111110011111001011000011100001
00111110101100010000101001110110
10111100111100111110111000001110
10111010100100111011100010010100
00111100111000100000000001101000
00111101101101111111000111000101
10111101010110111111010001000100
00111100011111001011010001100001
00111011101011110011001000101011
00111101100011011111110101100101
10111100111110111100010101001001
00111101000001110011010111111001
00111101100100111001100010110110
00111101000100011110010010000001
00111101101011110000001111001101
00111101010110110101100101111100
00111110010000010000001011110110
00111101010100100010101011000011
00111100110101100110110010101110
00111101000101001111010000101010
00111101100000000010110010100110
00111100001111010000111100110001
10111101000110111100100000001101
10111101000001011010110000011101
00111110000100111100001111111111
10111100101110011000011010110110
10111100101100011011000100100000
10111101100111000110011110100101
00111101000111111100111011001100
00111101001011011010010010011101
10111101100000101001010001001011
10111101001110010111100011111111
00111011110100101101001011101100
00111101000001010111101010001001
10111100101110101001100110011101
10111100011010110011110110111111
00111101111110001111011000110000
00111101001000001011000101000001
10111101101010110101011110000010
00111101110001101011010110100100
00111110000001110111111001001011
00111101110101100010100000110110
00111101001000101101011000111100
10111101111001100111001010000011
00111100110111011100110010110110
00111100000001001101010100100101
00111100111001001111110100001110
10111100110100001010100010100111
00111110010000000010100100011100
00111110000110010111111110111100
00111101101100011110011111010111
00111100111011011100010100001010
00111011100100000001110011100100
00111110000001000111001000011101
00111100110011100000010000111100
00111000011100000111101010000110
00111100000010010111010000100111
00111110000101100001011111010110
10111100110001001110010110000000
00111001101000001000001101110011
10111101100101010110010011100100
10111011010100110001100111100100
10111100000110111000011011010101
00111101100111100000010010011110
10111100100111111001000110010010
00111110010100100011010001000110
00111101101111000000100110111101
00111101111101110111001111100001
00111110000100100111111101001001
00111110000111010011001010010101
00111101111111100110011010010101
00111101010110000111101111000011
00111101101110101110100000101001
10111011011111000000010001111011
00111100111000110110111101011001
00111100010100100011001000111110
00111101011010101111101101100011
00111110000011000001000110001100
00111101100100101000111111100100
00111101110000111000100001000110
00111101100110111101101111110110
00111101100000011010000101010000
10111101110101011111001001000110
00111101101000000011101110010000
00111101001010101000100000000111
00111101001101100000111010010010
10111100111001101111100110010000
00111000101001010010000000110000
00111101010110100001011101111111
10111101101101111101010001010010
10111100101100110111000011001100
00111011101110000000111001110010
10111100111010100000011001111100
00111100111010001100001110101111
10111100111010111111100111000000
00111101110010001000101010101010
00111100100011001010011000011001
00111101010101101100111100011100
00111101101100001000110110110110
00111100101111000110100010001010
10111100100100110001110001010110
00111101110111101111010000110011
10111101100010001101111001111011
00111101011100100111100011010110
10111011000011101101011001001100
00111011100010111111011101000000
10111101110000000001001001111110
00111110100001101000000001110111
00111101001110100101101101101101
00111101110101000110111111100001
00111110011000100101011011111100
00111101100011000111011100001001
00111101001101000010001110001110
00111011010001010000001101001011
10111101100100101101110111010010
10111100111101001011111111100000
00111101101110110010000001101000
10111101010110100111001011100100
00111100101010110111010001001100
00111100001000110001010011111101
00111100100111011101101011000000
00111101100100001100011100100110
00111100100101101001101100000101
00111100101101100111110110100000
00111100010110110011111001001000
00111011110001010101000110100111
00111100100101000100111011011100
10111011100111110010001100100101
10111100101101101010110001110011
00111011100001110011010111111110
00111101101100000001101010100000
00111101011001110000011000111111
00111110000000001001111001100010
10111100101010111101011100001010
10111101100011101111100111111110
