00111101001010110110011010011111
10111101100001001000001000110110
00111100011100010001001001000101
10111101000100000010001000000111
10111010000111101100001010110011
00111100111101110001010111000010
00111100001101100011011111001010
00111100110000101101111101011011
00111100111111101111110100001101
00111101001001110111100001010110
00111100100111100110111001100110
10111100100101001000110111010001
00111100011101011110110101101100
00111101001101111110010001000110
00111100100100111101010011001100
00111101000011001001010000010111
00111101101011101110000011010010
00111101100110110010000010010010
00111101000110110000000100101000
10111101001000010000100011010001
00111100100001101100000100011100
00111100000101110010011101001000
00111100011110000101011000100101
00111101101000101000000011101110
00111011110011111010011001001101
00111101000000100011000111111001
00111101001110100101001110101100
00111101011011110011000010101010
10111100000010010011100100000011
00111101100000110110110010110111
00111101100011000110110110110101
00111101010111001100011001001010
00111101010010010101000100100110
10111101011110100101100001001001
00111100110110111000001100111110
10111011000011100001111010010001
00111101101111011001000101111111
00111011110111010110000111100000
00111100110111000000011100011101
10111011100000010010111100111001
00111100110100010111011001101000
00111100111100000001101001110100
10111101011000010010001001100100
00111100101001001100101000111011
10111100010101110011000000111111
00111100111000101110000010101101
10111100000100000001100110101100
00111101001001011111000011110111
00111101010010111011100100010101
00111101011010100011000111000101
10111101001011111010101101111100
00111110010000001100100111010101
10111100100010111111111110001000
00111010100111010100001010100110
10111100101101111001111000010100
00111101111000110111010111110100
00111100000111011101011101110000
00111101000010010011101110110111
00111100011100110100000100111110
10111100000010000001011101010110
00111101011001110100010000011011
00111101001001100010000101100010
00111101100101011011111010110010
10111101110001100100100011110000
00111100001101100001001000110110
10111010100010010101100011100111
10111101011111110100110111000101
00111101010110100001001011100100
00111100100011101111101100011000
00111101000011100111101100000111
00111101010001100001010101111010
10111100100011000010101000110111
00111101010110111010101111111001
10111011101010111001111100100100
00111101001100001001001101110001
00111101001101100011111101111011
00111100110111000010001001000011
00111101000100110010110110001110
00111101011000011011011011100000
10111100100001100110101100011011
10111101000011010110101110000000
00111101010010111101000010010000
10111100111010011100101100111101
00111011110010001111000010110100
00111100001101010011101101111100
10111100010011011010110000001011
00111101001011101011111010110010
00111101111001101111001101111111
10111100111000000110111010101011
10111100001001111010110000011000
00111101110010110011001010100001
10111101000110111010111100000100
10111100110100010110111111100100
10111101001001001000001011010100
00111100100100010001000011110110
10111010110001000010101010011100
10111011110001011011001010011010
00111100101110100100110010001110
00111101101000010000001100010111
00111101000100110111011011100010
00111110000110001001010000100111
00111101001000111110111100001101
00111101011000000101000010001111
00111101100100001110001101000001
00111100110010100011100010010001
10111101001111111010101101100110
00111100111000000010100100010010
00111011000100011000100001010000
00111101100111011110101111011011
10111101010000000001111011101110
00111101001000000100001101110011
00111100100010010010010110111110
00111100110001000011110111110000
00111100011100101000011111111000
10111100001000110100011001000001
00111100000100111101010110100011
00111101100110001001100011100011
00111100000000000111010101010110
10111100100011110001101011111110
00111101100011111111100000011100
00111011010110010111000100011110
10111011111001111110111001110110
00111011100011000100001000101100
00111100000010011111110010010100
00111100011010111010001011001111
00111101001101011000010101001001
00111101010011001101001101010111
00111101111110110100110110010111
00111100101000010011110000110000
00111100110001001111000010000100
00111100111000010000011001111010
10111011111001010000110001110111
00111101101001110011011010101100
00111101101001111000111001001001
10111100001001110011011111010101
00111101011111000000011111011000
10111100011000001110100010011010
00111100100110000011101111011011
00111101110010111001101011010011
10111010110101010111100001010011
00111011001010111000100100101000
00111100101110101001110000011111
00111101001011111001000100111010
00111101001000001001001101000001
00111001010101101010110001111010
00111011101110011101110110110110
00111100010100000100001100110000
00111101010011000110011100001110
00111101000111110000101111111100
00111101100100011011000100010101
00111100110101000111110101100000
00111101011001110111001101111100
00111101101111001011001010101001
10111101010100001010000010110000
10111101000001100010100111011010
00111100100101001000110111111111
00111101100001001000000111110111
10111100110110110000110001010000
00111011011000110011110110010010
10111101100100100001100111111000
00111101000001010111011101011100
00111110001000010110000101011100
10111100001010011000001100101000
10111100110110101100010110100100
00111101000011001100101110100111
00111101011101011010101011010011
00111101001110111010010100011011
00111100100110110110001101000010
00111100100001101011011110010000
10111100110101110010000000001111
10111011111101001000011001110100
10111101001110011000100000111010
00111101000010110110011101001011
10111011000010111011101010101100
10111100110101000011001010110001
00111100100000101111011001000100
00111011011110111001000010011111
10111100100000011011101000101010
00111100010000100111011010101111
00111100100010101100100001010010
10111101111000110101101000100000
00111100010110001000100001101110
00111101100101110110010101010011
00111101010001101010001000101001
00111101001100111100110010000011
00111100011110110111111001100010
00111100110100010111000111000111
00111101001011101111101001000011
00111011100111101110111111000101
00111100110011111011101110010110
00111101001001111101111100101001
00111011010000010110010100100001
10111101001000111111010101001111
00111101011100111110011000001001
10111100110010010000100110001111
00111101011001100101101100011001
00111101001010111000111000110101
00111100110000100110001001110100
00111011111001010001111010001100
00111011001010010110101111000101
00111100110000011001001111010000
00111100101000100010100011000100
00111100110010010000101001000010
00111100111111010001100010011000
10111101001001100001111101101001
00111101001111001011011110110111
00111101001100100011111101111000
00111101100001001010100010111110
00111101100010101101100100010010
10111100001001000110001000101110
00111100001000011001101100101010
00111101001100010111100010001101
00111101001100111010110011010001
00111011111001111100011110000011
10111010111011101101111110010001
00111011101001111011000011001011
10111010000110110101011000100101
00111100010101001010010010011100
00111101100100101100100011011001
00111100100000111000000000001000
00111101001111000000000010110001
00111101010110000100010111011100
00111101110010101110100011101000
00111101100000100011111000000000
00111100100010100011010000110001
10111100101010001001100111000111
00111100100100110011001001000010
10111101000011101100101111100011
00111101010100011001001000111110
10111100011101010001110001010100
00111101110101000100111101100100
10111101000010111001001111000111
00111110000011100011110001110110
00111011110011011100111100111010
00111101110101010110010011001110
10111010010100101001101000110110
10111100010101101111000001010010
00111101010000111110010000100111
00111101111001101011000000011101
10111101000000110000001111000110
10111011101011110011101110100111
00111101010001110101011101101001
00111101000110101101011100010100
00111100101011010101111001100001
10111100010110100001001111010101
00111100110001010110101000111010
00111011111111001101101110010111
10111100100101010010101000000000
10111100101000110010001100000010
10111100001101100101100011000101
00111101101001011101111101001010
00111101100001111111000110000010
00111100110010010001011101000111
00111101010111000110101101110010
00111100010010000111111110011110
00111100110011111010110010101010
00111101000101110111110010000101
00111100101011100111111110100101
10111011001001011000101011011111
00111101010001010000111001010000
10111100100011111000001011001101
00111101100011111111011001010010
00111101011000110101000010011110
00111100100111110010101010011000
10111101000101101010000100010000
00111100001110100100111110101101
00111101010010000010111011100100
00111100101101100011010010100010
00111101001011011101111001001001
00111100000000000000111000000110
00111100111101000011000111011001
10111101000010001100110000000100
10111011001100100111110010101000
00111011011100100110001111001001
00111101001011101111100010010010
00111011111100110001000100110011
10111100100100000011000110000100
00111101011111000000111111101001
00111100000101101110011100001011
00111101000010100001011101110100
00111101011100101001100101010010
00111100011111011101111110000111
00111100011001101111010010101110
00111101101101110100111001100011
00111011111010010101110000111010
10111100001011001110011110001111
00111100111100001011010111111110
00111101001100011110110111111000
10111100110010101100010010000011
10111011001110010010110101100100
00111101110011111101101011011010
10111100010111000000100100000000
10111010111111010100000111010010
10111100011001011100011011010110
00111100100111101010000000101111
00111100001000101111000011011000
00111100100010101010001110101101
00111101000100111100110000001000
00111011001101010101001010011110
00111101010011000010101011010100
00111101000011011000011001001101
10111100001000101100100011000001
00111100101100000011010100010000
00111100100001011110011111101101
10111100000110010111101111110010
10111011111010011011101000100110
00111101110010000000010100010100
00111101010011100101000101010100
00111101101010101110111100110000
10111100001011101001000100000000
10111011001101101111000000010001
00111011101000110001000111000001
10111011001111110101110010001100
10111101010010001000000010101010
00111100011001010111101111101000
00111100101101001001111010000111
00111100010111010100111101100011
00111100000010110101110001101100
10111100100111100010110000011000
00111100010101110000101111000010
00111101000011010110111010101111
00111100110100001011101011100010
10111100011000110011111111001000
00111101011000111000010011100011
10111100111011011110010100100101
00111100100111010001011100000001
10111100000000001000011011101000
00111101011111010100011011000110
00111011100010010010111111110100
00111101000010111111011101011010
10111100000101001000111001001011
00111100011001011111101001101010
00111101100110010000111101011101
00111100010101101101110000010001
10111100100100110100101000010011
10111011101011000101001110111100
00111100111101101101101110010000
00111101000000100101000100101011
10111100111011111101000010110101
00111000010101101111000011001111
10111010111001001101010001001001
00111100101000010000010001000001
00111100011110101000001001011011
10111100011011110011101101111000
00111101101001001111110100111011
00111100100111101100011001110111
00111011001010100011110010100000
10111100101010101100001100011001
10111011011010010110100011011000
00111011111011101010001010010100
00111100011000100101001110000011
00111101111010100100110101101000
00111101101110011010111100100110
00111101101010000101101010110110
00111011101011000010010000001101
00111101011110000101101010101100
00111101001111110100101101011100
10111100011111101101001001010111
00111101011011011101011100101000
10111011111001110001010010101111
00111100110011011111000110111110
00111100110111010100110111011001
00111101001101101111101011101111
00111100111010001000001101010100
00111101000111010111001100101100
10111011010100100110111000001000
00111100011110010110011010010110
10111100010010100110101000010111
10111101001001001101101001010110
00111010111101111111100000010011
00111011101111011000110010010001
10111101011001010001111010001111
10111101000001101111110111111010
00111101001111001010101000010010
00111010010001100010100011001100
00111101001000001010111000001110
00111101010100111111111011011001
10111101000010111001011101101011
00111100100100101010101111000100
00111100100100010100000010001101
10111011100011110010000000111101
00111100101010010110000110010011
00111101100001111011111100110100
10111101000110010101001001110101
00111100101001111001111011010011
00111101011000001110100001100010
10111100101001000100010101110110
10111100101110011111111001010100
00111101011011001110001000010110
10111100011010011001001011010010
00111101010101001010110100101101
00111100111110000001010110111100
10111101001000001011101010000000
00111100101110111110100100101001
00111101000010010000011111101111
00111011000111110010100100110010
00111100100010001011011010001001
00111101100100000010101000100000
00111101110011000111110100000001
00111100100001100110111010101001
00111101100011100100100011110000
10111100010101100011010010100111
00111101000010001010101101100010
10111011111011000011010000100011
10111011100111101010110000000111
00111100111111011010110111101100
10111011010101100001011101001001
00111100010011010111101001000010
00111011110111111111101111110011
10111101000110110001100101101011
10111100111000101101100010100010
10111101000101010100101001111000
00111101000001100110111010000111
10111100100100110001010001111111
00111100111101101100111010010111
00111011000111101000111100100011
00111011100011101101010000101101
10111011110110010111010101001110
00111101110011000011111101110000
10111011101100010010000111100110
10111101001110000000100101101110
10111101001010010111010100010111
10111101000001101111101010000110
00111101101010110101110110110010
10111001110111101010110001111010
00111100100000100010111001110011
10111100101011111001100011111100
00111100111011001011001001000110
00111101110000000100100110110001
00111100111000000000011101001000
00111101010110100110101010011111
00111010011111111110010100011111
00111101101100101101111110000111
00111010100001101010000111010110
00111100011010101111011110111010
00111100110000011101011000000011
10111010001011001011001010111011
00111100100010100100010111000011
00111100001011010010010010001110
10111101000010010110110111000011
00111101101011011111110000001000
10111100011001110100111001101000
10111101000010101011101100011001
00111100101111101010010011110011
00111101011010000001101010111010
00111100000100010100000100110100
10111100101011011010001011011110
00111110000010110011010011100111
00111100011011010110000100110110
00111011011110010101101001110100
10111101000101111100011011110010
10111101011000101111110101100001
00111110000010111111000101000011
00111101101110111011100011100000
10111100011000010110000101010001
00111101011001100101101000101111
00111100101110110110110100101100
10111100110001110100000000100010
10111011010001111101111001000101
00111101000111101101101000010111
00111101001000011001101111111100
10111001110000101010001011001000
00111101100001001010011000000101
00111101111010100001110001110110
00111100111101101110110110011001
00111101110100000011001111101000
00111100001001000010011101111001
00111100100111101101001011010111
00111101101100100001101110000101
00111100110111001111011110010000
10111100010111110111111001001010
00111101000110111110001101111000
00111100011111110010111100010110
10111101000001110010000001011001
00111011011110011001100011101110
00111101010010011001010101001011
00111100000100011100111100011000
00111100110010010111010011101100
00111100111001011010100111000011
10111101000011011001010100110110
00111100100100110101010110001101
10111101000100001000100011110001
00111100111000000101010111111101
10111101010010100010000011010111
10111101100111100100111000101010
10111100110000001011100000111011
00111101110100111010000100001001
00111101100010000101001110001010
00111101000111001111110101111010
10111100101000100110110101000101
10111100011101101110101110010011
10111101001101101111110110001010
10111101000001010110101011110100
00111100101001011011010000110000
10111101101001101110111010101010
00111001100011000110100100010110
10111100011101011001111011010001
00111101001110001010100001010111
00111100100101011100001100100000
00111100100000011101010001110110
10111101010110110011011101101110
10111100111000011000011010000101
10111101011001000010010000101110
00111100101011101010011010111000
00111100110011111100001011101001
00111100110010100000111001011100
00111100110110000010101010110000
10111101000011010111010110100011
00111011011111011111100001110010
00111101010101101010011000110110
10111101000111000100110010000010
00111101000110100010111011111010
