10111101011001110010100111110011
10111101110101100010011111001001
00111100011111001110111001010100
00111101100010000100111100100100
10111101101011110001100100010010
00111110010100110001000001111001
10111110000000110110100110110100
10111100111101100110010011101010
00111100110111010100000010101011
00111101110010111001011100111110
00111101110001101101100101110000
00111101001011101100001101100101
10111101011010001000010101111111
00111101101110111010101111011001
00111110000010000101010011100100
10111101001100111011111011111011
00111101010100000101100010001001
00111101100111011010001100111010
00111011101101000100011101011101
00111101010011000000001111100000
10111100011010101111000101111000
10111101011110011101010011110000
10111100011011010110001110011101
10111101000101011110111010010001
10111101101000011001110111001011
00111101100001000000110000101001
10111100001100110110110100110001
00111101000110110111101101110010
00111101110010001110110111101101
00111100000110111110110111111000
00111110010101000011011110011000
00111101101110001110001111110000
10111101100100101100100100011111
00111110010000011111110011111011
00111100011011000000010100000100
10111100010111110101010111001100
00111110100011010011111001011100
10111101101011110100001111111011
00111010100001001100101111000010
00111101111100011000001101100111
00111101000111100000111011111111
10111101001110000000110001001111
10111100010010101110010001111111
00111101001100001101110111011101
10111100110000101101100100000000
00111110100000101011110110000000
10111101011110000111101001011000
10111101000010100100001001111011
00111011100010110000101011001000
00111101100011000000111111100011
10111101100100001101011001000111
00111011110110010100101111111100
00111101100100110101010111000101
00111101001000000010010001000101
00111101000010011110101111010000
00111101100001011011110111110111
10111011111100000011011110011110
10111101010000111111000001100011
00111101100001001001000110111111
00111100000000011011001110000001
00111101010111101111000111110111
10111101111000101011110000101101
10111101000000111100001110100110
00111101000110100100010100100101
10111101010010111101001001101101
00111101000110011110000100111111
00111010111001010010100001110101
00111101101110001100101000101100
10111101011001010101110000011101
00111101100010000010100000001011
00111110001011100101100011010000
10111101110101010010001001110000
00111110001110110111100110011000
10111101100100100100110110011010
00111101101100000000110100010001
00111101100000100000101010110011
10111101110110111001101100110111
00111101100010111000001001000100
00111101100111011001101111100110
10111100101000000110111001000111
10111101110000110001100100101000
00111101111000110010000010111110
00111101001110011010000001101100
00111101110100000000001110000001
10111101010110100110110100001101
10111101010000011110110110001111
00111110011011011001110000110110
00111101111101001000000001101000
00111001100010001011101010010101
00111101100101111010000010011100
00111110001010100011011001000111
00111110001100011100110101110100
10111101001001010100111111001111
00111100101011011101011100010110
00111101011001111010000010000101
10111101110010111011100110000000
10111101101100011001101000101110
00111110000100110010011101110100
00111100010010000101001111100100
10111101000001100100111001001110
00111011011000000100011001110010
00111110100111111000001001000010
00111100111011100000001010001110
10111101101010000100011001101000
00111110000010011001010011011101
10111100100010101010001001001101
00111110010001110111100110001110
00111100011110001001100101110011
10111101100111101011000001111101
00111101101001000011011101111001
00111110000011111100010011110001
00111101101000011011101011000001
00111101100100001001001010110110
00111110000101101111111110011001
00111110010110110001010011011000
00111010100000101111011010011010
10111101011001100000100001010100
00111011011001100011000110111111
00111110001101110010101001001100
10111100111001110101111110111011
10111101100111001110101001110001
10111100111100100001110000111110
00111101111110010000101111001010
00111101101110110110100011110000
00111101010110101010101111001100
00111100110110000010111001101010
10111101001011100110001101110101
10111100011110011010001011011000
10111101100000101101011010011001
10111101110000011000100101111100
00111010100100000010110000011000
00111101000110000010100000100000
00111110010000001000101010001110
10111100101011101011001000011011
10111100001100110111011001010110
10111100001111101010001111000111
00111101001101011011001001001111
00111101001000110110011110010000
00111011100111100000000010010100
10111101001011001110001000101101
10111100111001110110101101001011
10111100101011101000111101011111
00111110001001111100111101010110
00111100010001011001100100111010
00111101111010101110101110000110
10111100100011000000001000010010
10111101100100100011010001001011
10111100101110000111011001101011
10111101000101010100100101000110
00111101100000110010010110110101
00111011101000001111001101011011
10111101011010011000010010010111
10111011110000001111100001001111
00111101001101000000001010111101
00111110010010011111011110100011
00111101011101110001011001000001
10111100100101110000001100110100
10111100000101000101000010101000
00111101000000011001101101100100
00111011111101100001110111010010
00111101110001000110010010110101
00111101101111100010000111010001
00111101001101001001001010010110
00111110001011011010101000111100
00111100111100001010110000000110
00111101100101011110110111001000
00111100001000100010000101111001
10111101001101000110110000000110
10111011111010110110110110000100
00111011110100000110100110001001
00111100101100000000010110111101
00111101000010000100000111110011
10111100000000100010010001110010
00111101111011000110001101111100
10111101110010000110111000100110
10111100110010000000100101111111
00111101101111100000010100111101
00111100111010010110111100001001
10111101010001000111011110101101
00111100100100010110111000010100
00111101101100001111010111011101
10111100111001101010111000110000
10111011100000011110111110010001
00111110010000111100100110001101
00111100000111010000111010011110
00111101000010100101110010111000
00111101100000010100101110010001
10111011111100110011001110001010
10111101100001111110111110011100
00111110000111010100110001001111
00111101001001011100010110111000
00111101000001100000000011010110
00111101101111011111101100010001
00111110001010011010110011110011
00111101010101000000000110111110
00111101010110010111110100100100
00111110001011010001100011111110
10111100011110100000110000100111
00111101100000110111100011011010
00111110000010111111001101000001
00111101101011101110111111111111
00111101110011000111010100000111
00111101110010000101101101100011
00111110011101100100010100110000
00111101010010101101001110110001
00111101111000110001110110001001
00111101110100011100110111111001
10111101000101111100110011110010
00111100001111000101010100110110
00111101101011101111100111100000
10111101010000000001010000111010
10111101111011011011111101110001
00111101011000000010000101100011
00111101001111110010110100101000
00111001100000110101110010111110
00111100110010111110001101100111
00111110001100000011010110001000
10111100101010001000000001010001
10111101100010101010101111011100
00111101011000011001010011000000
00111101100000011101011111001110
00111100100001011111111010000110
00111101000110111110100101001101
00111011001111000101001011100000
10111101000010000001011101001000
00111101111010011011110010100100
00111100100101110110100100000111
10111101100001011000110100100110
00111110000110001001101000010011
10111100001001100110011101010011
00111110000110111000010110101001
00111011101110101111110100000010
10111011100100111011000101101100
00111101111110010111000001110111
10111100100111100111101000010100
00111101001101110111001110011101
00111101010110010001010001010011
10111100101111011000110000101000
00111101110101110100010110001000
00111100011000111011110101111110
00111101001001010011010000100101
10111100100101101110010000111100
00111101000110001101000111001111
00111101100011011001101101111110
00111100101001000010111011001100
10111100010100010000001111011000
10111100000011000001100000111100
00111110000100100110010111101101
00111100000111000000000111100110
10111101001100010011111001000000
00111101100100110110000000010011
10111101100101001001110010111010
10111100011011010000110001000101
10111101110101011110101010011101
00111110001010111101100000110110
10111101100010011001011000100100
00111101010000110011010111100000
10111101001001011101000011110000
00111101100010000100110000111110
00111101010001000001100010101101
00111101010010101000100010001000
00111101101111001111010110010100
00111100101000001110101001111010
00111100100011001001001000000110
10111101000010100100000010010110
00111100111011011100101110111001
10111101000111010111110101110001
00111101010000111010001110000101
00111101100000111100001000011011
00111101011110000010001110101101
00111100111000000001111001000110
10111100000110001110100100000010
10111100011111000100111001100011
00111101110010101110111001000110
00111101101010101010011101111011
00111101010000101010100011000101
00111101100010100001011100011001
10111100101011010100110101110111
00111100110111011100011011110001
00111110000000110001011100110001
10111101011000001110001100011100
00111101100111101000110001100100
10111100111010100001011000110110
10111101111010010010111111111000
00111011111111000000000110000110
00111100000000110001000110101101
10111100110011000000011001110011
10111011010101110011110110011000
00111101000111000111101000100110
10111010111000011000100100111011
00111110000101111100000110101100
10111100100010111101111001000110
10111101001100101111000110111000
00111101100010001110110011110001
10111010011001010100000110000101
10111100100011111001101101000001
10111101000000100010001100110010
00111101011110101000011000011110
00111101100110001010100111010011
00111101101111011011111010011111
10111100111100011000100011001010
10111101100101100000001110010010
00111101110110111100001001100101
00111101001001110110000100101001
00111101101101010110110000000011
10111100111101110001111010100101
00111110001011101101001011101000
00111101001000101011011110011100
00111100101011010010001101011011
10111101001001010001001111101100
00111100001100010111011001100110
10111100101100010001000011001001
00111101001010101010001100001110
00111100111110000011100001111011
00111100111010000101010001011100
00111101110010111010001100011000
00111100101010111011010111010011
10111100010101011011111001000110
10111101001011101100001110011100
10111011001101100011011110010100
10111101010000010101110010011001
00111101010001011110011110100101
00111100111111101011011000100101
00111101010010110011011001110011
10111101011111011011100011010010
00111100100101111101010110100100
00111101101011001111111110001101
00111100010010001101010010101000
10111100110110001010101001101111
10111010111000101011111000110110
00111101110100000010000110010001
10111100110011111101111101110010
00111011000111110101001100100011
00111010011111111110101101011011
00111101101110010110110001011001
00111101000011100100101010011111
10111101000000010001110001000101
10111100111000010011111011010101
00111101001011011110010111001111
10111100100010000110111011100011
00111101101011010010100011110001
10111101001110010000011000001100
00111100010001101010111100011101
00111101111110001001110011111010
10111100001011100001110011011011
00111101010101001011111001101111
10111101110000001011111011110000
10111010011011000011011111010011
00111101110000011100011111101101
10111100000001000100101001010100
00111101111011001101001100010101
10111101110010011001110000101010
10111101001001011011101011001010
10111100110010000101110001111101
00111101100000100000001101000000
10111101110000001010100011101110
10111101000010001101010110111000
00111100011110100101011001000100
00111100010000110110110001100000
00111101110001011111110101110101
10111101101100101001000011111010
10111011101110110111110001011011
00111101110100010110100100001100
10111100101001000101010010110011
00111110001110011101011010110001
00111100101000111101000100100011
00111101100100110011100001001010
10111101001110110110111000110010
00111101010000011011011111011001
10111101110001101110111000111010
00111101100111100101111001010001
00111100101111010110000011111010
00111101000111100111101100000110
00111110001000111011011101100100
00111110000110000011101110010100
10111101101101001111000110101111
00111011101110011000111100011110
00111100110101001110000011100000
10111101010011100011111111001110
10111101101000100100010111101101
00111101100101101001100001010001
10111101001111001000011101001010
00111100011000010101100110100111
00111101111101110011011001100110
10111100000000101100111100001100
10111101100011110010101100010000
00111100110011000110110001011110
10111101110011011111011000101010
10111101000010000010111100111011
10111100010011010101110111000000
10111101100011111001010010100001
10111100110100001001101011101101
10111101000111001100001010011101
00111100001100001001111110011011
00111101101101000001000010111101
10111101001100110011001101001100
10111101010010110000011000000000
10111101100010100011000011010011
00111100111100011101011001111010
10111100010100100011000110111010
00111100101000111100100000100001
00111101111010101110001010010010
00111100011001100010101101111110
00111101001111111000001110011101
00111100111010011111011110000100
00111110010001010111000101011000
10111101100011010010101111110110
00111110100010111100101110001101
00111101000101011101011010111000
00111101110001001010010000111111
00111100110001110111011011110001
00111110000100000011011111001110
10111101101011111000100100111000
00111100001111001010111110000011
00111101000111000001010001011001
10111100101111010000101010100011
00111101011001010110110111111100
00111101011001011110100010000010
00111101100111101111111011101000
10111101011101100111101100011101
00111011110000000110001101100000
00111101100101001011011001001100
00111101111001001001011100111000
00111101100010100111100111111010
10111101010010111011100110001101
10111101010010100000000011111110
10111101100011011100000110010000
10111100111110111011101110011001
00111100101111010011101111101111
10111101111010001000101101101110
00111011010111011110100100100010
00111110000101100110101000101000
00111101111100110010010000110111
00111101110101110100011100011011
10111101100011011000010111100100
00111101000000100001101001101111
00111101110100011011011101101001
00111101101100010000111111010000
00111110000101100100001011101010
10111100110000000001001110100010
00111100110110000011100010111001
00111101110000110011110000001101
00111110011000101011100110000111
10111100000011111010001001101101
00111110100011011010010110100100
00111101010011011100100101110101
10111110000010100010111010000110
10111101000101011011010011010100
00111101100100010110010011000111
00111101111010000100100110000111
00111101001010111110001101101001
10111101100010011011111000100000
00111100110001001111000000110010
00111101011001011100011110011110
00111100011001101110000110100011
10111011101111010010111011001110
00111100011111000010110011101101
10111101101011111110101011001110
00111101101101110011100100101110
00111101010110100111100010011110
00111101110100101110111010011000
00111101001100010110000010110110
10111101101011010111010011001011
00111101001001000111001101000010
10111101100010000001101100010100
00111011000001101110101000101101
00111110000101101101001100011110
00111101011001000010001010111100
10111100110000111100101111111111
10111101101011101010000011000110
00111100000001101110101110101110
00111101010000011101011011011111
00111101010110100000111000001000
10111100101111101000110011000010
10111101101011101001001100111111
10111101100101011100111100101100
00111100110101010100101011100010
00111100101010000001100100011011
00111101010011111001111101010000
00111101100101001000000010000001
00111101100100101111001100111111
10111100111010000100110100000101
00111110001000111011011001000011
10111100111010100001111100000010
00111110011010111000111000111000
00111110010010111100000000100001
00111101001101101011011000111001
00111110000011100010000001011110
10111100100110011111001001011000
10111101000011010010100001111100
10111100110111001001101000001111
00111101101000100111111000000000
10111101111001110101111011011110
10111101011010000010110101101111
00111011100001100010101111111101
00111100000110110111110011011110
00111101000100010001000000010000
10111101100001010100000111101000
00111110000101101001000011111011
00111101101101110011011100001011
00111100001101101110001011100011
00111100100100011010111000110100
00111101001000001101001111111101
00111100111010011111111010111011
00111101110111111110000011011111
00111101111010010000111100000010
10111100111001111011111010110110
10111101111000111000111111000110
00111101010001100100100001101111
00111101001000111001000001011101
10111101111110000101011101011100
00111100101111001111111110111101
