00111100101111111110101101100100
00111100100101011000000000011110
00111100111000011111110100000001
10111100011100010001010101111001
00111101010110001010100010011100
10111011100001000100001110011001
00111100100101010101011110000000
00111100001000111110000101001101
10111011111001001110001110010101
10111100100101110001010101101111
00111011111110011011110001000001
00111101001001101100101000101100
00111101000000110111000111101110
00111100000000101010111010111110
00111100001010110101001010111000
00111001000100010110111001011101
00111101001011001010011110111101
00111101000000100011001000101111
10111100101100010101100100101111
00111100001111000011110111000010
00111100111101111011101110001101
10111011100101101101110101001010
10111100101011001100110101111000
00111011110010011011101100000001
00111011000110000000100111000000
10111010111011101010010110001110
00111101000000101101111110000001
00111100100101010000101010010010
10111011000111111110011110111100
00111101001010000010011001010110
00111100100110011001000101100110
00111011110011010110000010100111
00111011101011111011001000110100
00111011100010000110101010011011
00111100110110011111110010101111
00111100100101000001011010111001
00111010101010101100001010110100
10111100110110101010101001110111
00111100100000110000101110101010
10111011011001001000111001111011
10111011000101010111110100001010
00111001111100110101001011001111
00111100000001001011100000101101
00111100011011101100011111101101
10111100011110000010100001111010
10111010100111110010111101101100
10111011101111010000101011001111
00111100011001110110110100101100
10111011001000010111011011001010
10111100000000001011101011000001
00111011000000001100100101001100
00111100100110001010100101011110
00111100110011011000010000101100
10111101000100001000101001110110
00111011101111101101100100000001
10111100011011000101010101000001
00111101100100111010001000110000
00111100100111111011001101001111
00111011111110011011101110011101
10111101000001011001011100011100
10111100011110000111001011010100
00111101001011110010011110111001
00111101100100001101000011011010
00111100110000011010010111111001
00111101000110000101001111010010
00111100111011001101111001000100
00111100101010011011010100001110
10111100000011011100111110111010
00111101011100110000110110111101
10111100110111010100001001011001
00111100001100011101010010000110
00111100101101001100000011000001
00111100111100100001001100100001
00111100101100101110010010010001
00111101000100100000010010010100
00111100110101000011011101000000
00111010011000000001100101110101
00111100101000100111101000101101
00111011001011010111101001110110
00111100101100001100011101011101
00111010000110001011010001100110
00111011000100110000010110100100
00111100101010001000111011001100
00111101000110011111001011000010
00111101001100001111000010101110
10111011111010101100101001011010
10111011111010101001000011100101
00111101000010011101111100111011
10111011101010011101011110101000
00111100100010110111001011101100
00111100001110001001100110001100
00111100111111000100000000110101
10111011001011101111101100110011
00111101000000100001010101101011
00111011101100100011100111000010
00111011100111111100101010101111
10111100001010000101010001010100
00111010111000111100011011001010
00111101100001101001000001010100
00111100101110110111011001000101
00111100011001011111001100010001
00111011100010110110111100100000
00111100110001010000000110010111
10111011000000010011000010011110
00111100101001011111001101010010
10111100011110000010101011001001
00111011110001101011010011110101
10111001011101110100011101011111
00111010111010111011010010001011
00111101000000110101101010011010
00111100111100110100110111001110
00111100100011100011111110101010
00111100011011100011001100011110
00111101001101001000111110001101
10111100011000110000100001001110
10111010110111100111101111100011
00111100010100100100000101000001
10111011100010001111011111110000
00111011011001101110000101000101
00111100011000000011100001010000
00111100100000110111011111011010
10111100000010000011001001101110
00111101001011111100100110001011
00111100000010000111010011110011
10111010101110000100010011000011
00111100001111000001110011010110
00111100100010101011111100110110
10111011011010110000011010111111
00111101101001001010110101101011
10111010011000100100100011101011
10111100010010111111100110001001
00111100100110011111101010110111
00111100010110101100010110011011
00111010111101111011001100111111
00111101001000011111100001011000
10111011000001101111010110011011
00111100010000010001110010010100
00111011110001010011000001001010
00111100000001110011111110011100
00111101000101100100100001001101
00111100010011011111111010011001
00111101000001000101000110011011
00111100001001110001001100110101
00111101001111101110100100001111
00111011011111000011111101111011
10111011000101100101100101111110
00111010101001111110000100000010
10111100100010000001011001111011
00111101000001101001000111101100
00111100100001101001101110101100
00111100011001011100100000111010
00111100101110000111011010001101
10111100010100000110101010100000
00111011110101100000011101111010
00111010100001010100111111100111
00111011100001011100010010101001
00111100000000101000100100111111
00111101100011000010010110111010
00111011110001001011011111100001
00111011100001011001100011100001
00111100110011110111010001011101
00111100100001111001111101110100
10111011011111111011100101110010
10111100000110001101011001101100
00111101010110001000111011110111
00111101000000001000000110110101
10111100001110111001011110101000
10111011101010010101110000010000
10111100001000011001110110010010
00111011111110111011011011100001
00111100111001001111011001001010
00111101001000110101101010100010
00111100011001101111100110100111
10111011100111100010111100101111
00111101001000001011101101010001
00111100010100110101110110110000
00111100010110111000001000100101
00111101010100111111110111101101
10111100100100110110000100001001
00111011011001010000010111111011
00111100011010011110001100101010
10111011110011100010010100001100
00111100001011000101011100001011
00111101000001100001011110111100
00111101001010010110101100100100
00111101000101101000001100110001
10111010100011000011111101000011
10111011101010110000101100010101
10111011101100010100011101111100
00111011101100001010011110011011
10111011001001000010001001110001
00111101011000110001000010011011
00111101000000001000110000011110
10111100001101100111100111000101
00111100100111100001111111010111
00111100000110100100000000100100
00111100010100000110010110011001
00111011111101001000001110111111
00111011010010011100111011100000
00111100010011100110111000110011
00111100110001010011001100101111
00111100010111110001010100111100
00111100110100110011000010110111
00111011110010111011110010100100
00111011000100110010111100010100
00111100101111100111111000011010
10111100100010110000001001010010
10111010101110110110010110000110
10111011010110100000100100111100
00111101000111101011101011001011
10111000111110100011001111111101
10111011110010000000100010010011
00111011010111110011010010010001
00111100000101001011101100110011
00111101100001110111001100101111
00111011100101110100111001000011
00111101000011110000101000100110
00111010001001110110011011001001
00111100101101010011101011011110
10111001110001001001111111111110
00111100001011111100000101010110
00111100010101001000100110000011
00111010100000111111111001100111
00111100100101111000010110110000
00111101100100011110111000100101
00111100011010011001100000011000
10111011011011001001100000111000
00111101000111000000000111101010
00111010001101001111110010000000
00111100000100000010100110110000
00111100100001111000001100110100
00111100010001100100000011001000
00111101010011011000011111000111
00111100101101010010110111010110
00111010100011011011110111011000
00111011011001101011100110010111
00111101010100110011111011001011
00111101000100001011001100111110
00111100011010110010001100101111
00111100101000101011010011110010
00111100101011001000110110010100
00111011101111110101111010111100
10111010111101011000110011100001
00111101001010101111000001011000
10111010000100110100100110001111
10111100000010110101011100100110
00111100100000111011101100100001
00111100011101101100001100111010
00111101001010101011011111100101
10111011110011011101111001010110
10111100101001000101001100000111
10111100000100000100110001000001
00111010110010000000011010110101
00111100100001110010011011101101
10111100011011110110101111011011
00111100100111001110101010101000
00111100101110000111000011100101
00111011001101000011101100000010
10111001011110010000010001010011
00111101010100011010000010001110
10111011101011010000000110110101
00111011101000010100011110010011
00111101001110111111110000100010
00111101000001000010110001010001
00111100001111000110111101011110
00111100100001010111011011100011
00111100010000101100010111001111
00111011110110011010001111010010
00111100100011011001101110001000
00111101001111001001010001001111
00111100101010110001110100010101
00111100011010110111010010101110
00111011110000010001111111010000
00111100011001110111011001001100
00111100011111011100111010111111
00111101010001001011110100010000
10111011111000110101010110100110
00111011001000011010110011111110
10111100110010000101010001111101
10111100011010111100110001100110
00111100011000010101010111001011
00111101001000010000011101000110
00111011111010101100010100001100
00111011001110101110110111001010
10111100011101111111010100110110
00111100011011100110101100001111
00111100110100001101001000011111
00111011010110100000010011010010
00111100111100010011001100010111
10111011111001000011111000100001
00111100000011010110100000001101
00111100100100001110001101101000
00111011001101111101111010010100
00111101010101001110001110000001
00111100000100000101001000101011
00111011000110010101000010101010
00111010010001100010110101010000
10111011110111110101001101111011
00111011010110111001001101110001
00111010100110101101011011011111
00111100010001101010110010001110
00111011111010011011101110111100
00111100101001010001111110011100
10111100010100100011010111000000
00111100000111011000101010010001
00111100011110001010100101111101
00111011101100000010101110111110
00111100100001100011010010100011
10111011010010011110011101100100
00111101100110100000110001011101
00111011111001111010101111111110
10111011110010011110000111010101
00111101000100100111000101010110
00111100100001110101000101111000
00111011001000001101100101000001
00111011110111101000011111000011
00111101000101011101010000010001
10111100010010000001010111110101
00111011111101111000001111111100
00111011011010111001100001101010
00111100001000010011011101001011
00111100111111101100100010010000
00111100011111111010111010001000
00111101000111010000010100010110
10111100011010001101100000001001
00111100010000011111010010010101
00111011001101010000001111011110
00111101000001011100101001111001
00111100101111101000010010100111
00111100110100010111010000101111
00111101000001111111100011001001
00111101000101010110011001001110
10111011111001100110111010111001
10111100001101101101100001100100
00111101001000010101010010101001
00111100000001011111111010101000
00111101001010110101000101100100
00111100101100010011110101100001
10111100010111100111001100110101
00111101001100101011001101111110
00111100101000000110010011000001
00111100011011011001001110101010
00111011011000110111010011010100
10111011011001101111111011001010
10111100101101111111000010110111
00111100011010001010101101001010
00111100011010010000100101110110
00111101001000011111111011000001
00111101011011010010011111111110
00111100100100000110110000010111
00111010011010001100000010101000
10111011101001011011100100000010
00111100101011000001001011111110
00111100000111110000110101100111
00111101001001101111000110001101
00111010111100111110110000111111
00111101000000101001011011010111
00111011000010011111101110000011
10111011100011101100001000100110
00111011010010110000110110000000
00111011000010111101010011010011
00111011100010001010100000111110
00111100001100100101100010101100
00111100000111110010011100101100
00111101100000010001001101000000
10111011111001100100011101000000
00111100101101000100101110001001
00111100100010010010011100001110
00111100011100001111000011110110
10111011001101001000001111000110
00111010111100110100101000101000
00111011100011001011010000101000
00111011000101111001101011011110
00111010100010001010010010100001
00111100101100001011100000010011
00111100100001110101111100011010
10111100001101100010101101000000
00111101101001111011110111001101
10111100000011100101110001110011
00111100110011001000111100100001
00111100111000111101110100100101
10111011010111100110010101101001
00111100111001100100101001110100
10111001111101100110100101101111
00111011010001001001010011011001
00111100000011101111110101110001
00111100110110010110110100111011
00111100100101110101110000000111
10111100110111001010101110010110
00111100011110010001010011000010
00111100110100011011000011111110
00111100011000100000010100110100
00111100110100000101111101101000
00111100101110001111111000100110
00111100100111111001100111000000
00111100110001011011101111010111
00111100110011110010011111001101
10111100101011010110000101110011
00111101101001001110010001001010
00111011010111100000000100000110
00111011110011100001111110110111
00111011001101111001000000010011
00111011100110111101010000111110
00111100100001111000101000000001
00111100011010101110101101001011
00111100111110000010100011100111
00111100011101001111111110110110
10111100001100111100101001111000
10111011001011010011110101000010
00111100111010110011111010001100
00111100011110100101010001111001
00111101001101010011010000011000
00111100100111000110101011010111
00111100110110011101101110011010
00111100100010000101111010011111
00111001110101110010001111001011
00111011110100010010001101010101
00111100100101011111111110001111
00111101001111100000011111111111
00111100011100111111100010111001
00111101010100100111000010111011
00111100100100111111110100110100
00111100111100101100010000110100
10111011001110111011111001011001
10111011101011100001011101100101
00111100111100100101010111011001
00111101100111100110010111011111
00111011011000101100111101101111
00111100100011110110010011001001
00111100111010010100110010000100
00111011000001010100101011000000
10111100001100100010010110100001
10111100100101001000010001000010
10111100101000010101000111110000
10111101000010001101011000111011
00111100001100011010111101110101
00111011011111000011001110000100
00111100001101101011110000001111
00111011100011010011101100101100
10111100100011011110001011101100
00111100110111000100110000110111
00111100000010011011011110001011
00111100010111110110110011101111
00111011101000000001011010100100
00111011111110110100011100000001
00111100001011100110111110101100
00111100001101000101100101000001
00111011100011100100101000000101
00111010111001010100001111101101
00111100110111101010010111100011
10111011111011000010001001000010
00111100010111111011101010110011
00111100100101110100100010011001
00111011110010000000000010110011
10111011110001010100010001001000
00111101100101001000010111000011
00111101010000111000001000010111
10111010011010011110011111000101
10111100110110111111111100011010
10111011001011010101000110101111
00111011010010100010101010010000
00111100100101110010011000000111
10111011001011010011000111000000
10111100011111011100110101111010
00111100100101010111100000110101
00111101000001111110101101100000
00111011110100100110111101100011
00111100100011001010001000111100
00111100001000011111010101100010
00111011010110110011011110011101
00111100100001000001111100011000
00111101010101011101110101001001
00111100001001110001011000010110
00111011001100011110101111110011
00111100111111101010100000001100
00111100100101101010011111101100
00111010101111101110100110111111
00111100010110011110101000111001
00111100001010001000111111001101
00111100110000011010010110100110
10111010000100000100000001010001
00111100000010011000100101010100
00111101011100110010000111100101
10111100001001010001011010011101
10111011100001011101001101011011
10111011100100111101100011010001
00111101100010100001010110100011
00111100111011011001110101101000
00111100100001001110001110100111
00111101001001110111101010010011
00111100000000110100110001110001
00111010111101011110000010000101
00111100110100000001010000001100
00111100100111101110011100101100
00111100001101001110001010001101
10111011100101110001101110001011
00111011101001111111110011101101
00111011111111111011001010110100
00111100011111111100110110011001
00111100011000001110100100111110
10111100100110101101001011011110
00111100100010101110010010000100
00111100111101111000010000011001
00111100100101100110111101100001
10111100101011001111110011110001
00111011110101000010100101000101
00111101000000111010011000000010
00111100001001001010000100111001
00111100100110100011111111110100
00111011001100001100101000111010
00111011101000101111000110111110
00111100000001110110111101110001
