00111111001110001110011011111100
10111110111110001011000100111100
00111110110011111011001010000100
00111110000100010000010111111001
00111110111110111111110010000000
10111110100011110000001111100010
10111110010011111000111011101100
10111101010010111000111010010110
00111101100010000100011000101011
00111110010011101110010110100110
10111101101101110111110101001110
10111101101010101011001010101110
00111110101001111100110010101101
10111110010011010011101100011001
10111101010111001001110011110011
00111110100010101000010110000110
00111110000001010110101011110100
00111110010010010000101000111000
10111110100000010111011010001001
10111101011111101101011100011001
00111101111011010100011100011100
10111101010011010110001010110101
00111101000010101101011111011101
00111110111001010110001100011010
00111110010001110011001011100000
10111110100111001101011011010111
00111110110110111100111011011010
00111110000010111110111010101101
00111110101110010000101111001111
00111101101010011100101101001000
00111110110010111010111001111000
00111101101010111010101010010011
00111110001001010011011100000111
00111110100011100101111000100011
00111110101110011010011110111100
10111110010100011111111101111111
00111110101100100100010110110101
00111100110110000000001001000011
10111110010011001110011011000100
10111101110001011000100111100000
00111110000101011001101010000000
10111110011100100110011010000100
00111110111101111101101001101110
10111110000001010010101110001110
10111110001010000101111110000110
00111110000100010000001001100101
10111001000010011110001010010000
00111101100011001000010000001110
10111101110000011111010001000110
00111110101110001001101011010101
00111110010001000011010010101001
00111101110010000010100010100110
00111110100010000011100111110101
10111110011100010111011100011010
00111101001001111001111011011111
00111111010101111110001000110011
00111111000111100011111111100111
00111110000010000101011110111111
00111111000010010101100100010111
00111110110100011001111011101111
10111010011100000011000011111111
10111110010110110110001101101110
00111110000011110011000100101111
00111101110000000001001011010111
10111110010100100001111110000011
10111100101010000100001011111010
00111100111101000111001100100000
10111101101111010100100100110000
10111110001001001111111111111010
00111110001101000101010111101000
10111100100000001000001111110101
00111110000110010101100000000010
00111101101110010101000110000100
10111110010110011000000100000101
10111101100101010011100011001110
10111110000001101111000110000001
00111111010001011100000111101110
00111110001111000111011000010000
00111100111111101010010001100010
10111110010010001001010110101100
00111110100100000111010101010000
00111111000011010100000111000000
00111110010111100111101010010110
00111101101001010100010001111010
00111110011100011101000101111100
10111101110000010001111100001011
00111110110000111011001010011111
00111110000101111100101100011010
00111110101011110101011001111010
00111111000100001111100111110100
10111110011001001111110000001001
00111110000001110000110001000001
00111110001111000010111111101010
00111110110100110000000010111011
10111110000011010011100010101110
10111101110101011100100110010011
10111101000111101111010011011101
00111110101000100000010000001100
10111100101001000011011111101110
00111110011110110110101010000100
00111110101101001110000110111110
00111111000100101100111101100001
00111110011110101000000001011011
10111110001111011011101100001110
00111110100100010011010110111101
00111101010000110001111011100111
00111110011101101001111001100001
10111110100110001011000010111100
00111110101010001010101101010001
00111111000100100111110101111001
00111110011110010111111111111111
00111101100011110000000110101101
00111110001001101110001001000110
00111111111001101000011010001100
10111110000110011100000110110101
00111100100111101111101110101111
00111101000001101000111010110011
00111111101000010001011111000010
00111110100101010101000010111011
00111111010110011011001111111111
00111101100111101000111111100111
00111110100000101100001010110011
00111101111110100000111010000111
00111111001011011111101010010010
00111110011000110110011011011111
10111101001000011001101101111001
00111110000010011011101010011011
00111110001011101010110110111110
00111101111001010011010111000011
00111101100100101001111001100111
10111110000010111111000010011100
10111110100101100101100100100111
00111100000100100001001001011010
00111110111011100011010100100101
10111101000111011100100000111110
00111101001011010011100110110110
00111110100011110110111011110001
00111101110101011011101010000011
00111110011001000001101101100010
00111111000010111001100000110111
00111101100010001111001110111000
00111101001001101101001100111110
00111011101101000101100111000111
00111110010100010100101101010000
10111110100111100011011100000010
10111100011101110001101000011011
00111110100000001100000100000010
10111110010011110100110010101101
00111110000110010000011001010011
00111111000000011101101011011111
00111101100100010111101010100111
10111100100100100100000000000011
00111101100000001110001000110011
00111110001101011000000111101000
00111110101000000110110110100001
01000000010011100000101110010110
00111110100111111001011110000111
00111110001101010100000110101101
00111110010000010001001000101001
00111110000101011010110011000011
00111110001100001011000111010111
10111101110111000001110111000100
10111110101011100101111101100100
00111111011001111101101101100010
00111110000000001110101100000011
00111101000111001000110111001001
00111111010000011100011000001010
10111110010011100110101111001001
00111110011000111110101100111000
00111110101000011100110101100101
00111110011010011111011111100101
00111111000000001110001110110101
00111111000000001001000010100100
00111110010100000100000000011100
00111110000100101111000111101010
00111110100011111000000110011100
00111100011010110110010000110101
00111101000100111111101101000110
10111101001111011110011010110110
00111101100110111001110111000100
00111101100011011101010110100101
10111110000000011010010100010100
00111101110110010111100011101101
10111101000100001011010000001000
00111100111011110101111111110000
00111110101000110111001111001000
00111111000000010100001001100110
00111110101010101011010101100100
10111101000100001100001100111110
00111101111000011000011001101111
00111110000110110111010000001001
10111101101110000100100001100011
00111101111101100010111010010010
00111110100001010100010100101000
00111101111110001100111010111001
10111110000000001111000000011100
00111110100001010011100011111111
10111100101000010111111110001001
00111101101001001000010100101010
00111111001101100010110011100010
00111101101101100101001010111001
10111110100100000100000110010010
00111110100100101011011000010100
10111110000000110000000001101100
10111101001001101101110000101101
10111011100000001101000100011010
10111100100111110010101111000000
10111101001110101000000011111000
10111101011000011100010010110110
00111110101100010110110001111110
00111101100110011100101011010000
10111110000001101100010010111111
00111101100100110000011010101111
00111111001000000000110101010110
00111110001001001001101010111111
00111110100000001110000111001010
10111010100010010100000100110000
00111101110000101000011000101110
00111110011100000000110000111111
10111110100000110011000011011111
10111101100111100101010000000000
00111110000010011001111001101010
00111101100111010100100110010101
10111110000001010111100011111001
00111101100000101001110001001110
00111111000010000110010101101000
00111110111001010010110000001100
00111110001110001110001111101010
10111110011101010110101100000011
00111111101100110100111000001111
10111110011011011110011010000111
00111110000010011111110101011011
00111101111011101111111100110011
00111110100010000010001101001011
10111100100010001100000010110100
10111100000011111100011001101111
00111101100111011111000001001110
00111101011100011010111011001100
00111110001011100010000011110111
00111101101110111100011011011111
10111101001101000000101011010111
00111110100000111010000111001000
00111110010011010001101110100101
00111011100001100100111000101001
00111110011000111001010000011000
00111101001010001010010111100101
00111110000111111000000011111011
10111100101110101110011111101010
00111110110100110010111000100101
00111110011001111110100000000111
00111110011000111111110111110100
10111100100100001001011101001010
00111110001001100101110100111000
00111110010001100110000100001010
00111111011011110000011101100010
00111110011000010000011100010100
00111110100101100100001000001111
00111110010000110011100100110010
00111101001100100101101010100001
00111110110001100111011011110001
10111101001111001111110001010111
00111110011101000110110001111010
00111111001011011111111001010001
10111101101110110011101011100010
00111110110011001110101100110101
00111101101011011001110000011010
10111101010101110011010100101110
10111110110001000010101101110011
10111110001111001011000101101001
00111111100101101110101110011100
00111101000010011100010100001110
00111110110110110011000110111110
00111101110101101001001011100100
10111110001101001111110111110011
00111110100010101101110000100101
00111110111011100011011101011000
00111110111011001110001110011001
00111110100001001001000101010001
10111101000100101100111100110000
00111101011100011010100110100011
00111110000000001010001011100101
10111110000111011111100100010000
00111110011111110110011011111111
00111110001111101101001110101001
00111110000111000111001001001001
00111110100100001010101010101100
10111101101011101001101010011010
00111101100010110011000001001110
10111110100000110010101110010101
00111110101001001100111111110001
00111100000101100010011100110010
00111110110100010101101001110001
00111110110011110010100010100101
00111101111001111011011110000111
00111110010001110010101001001101
00111110001111100001011110000110
00111101001001001111000001000011
00111101101010000011000101111000
00111111010011101000110001101001
10111110000001000111111101100111
00111101101011010010000101010011
10111110001110011111110000101110
00111110010001010101010110010101
00111110101001110010001001001001
10111101110000101001101111111011
00111110010001011000010001000011
00111101010101000101010100011110
00111100111111001010110001110111
00111100111111010111110110010000
00111100100001011010101000011000
10111110000100010011101110010010
10111101110011110000110100010110
00111110110110100101110011101011
00111110101011011101111111001110
10111110010100001101110101110110
01000001000110011100011110110110
00111110010000100001010101101111
00111110010001101100011000001010
10111101100000000100111001001011
00111110101110110000110100100110
00111110101110101011110110100010
00111110101100110010010000110011
00111110011011011000101000111100
10111101111010100101100110000110
10111101011101110010110001001111
00111111010011011010011110011010
00111111000100101001010100101101
10111101010100111101100110111111
00111111001010001011111101100101
00111110110000010011001000110010
10111110011010100100111000000110
10111000110011100100111011010010
10111101100111111111011100100001
10111101101100110011101100011101
00111110100011101111011010001101
00111110001111110011000110011011
00111110000011100000011101111010
10111100111110110001101110000110
00111111000111110011100111000010
10111110010011111010110000010011
00111101111101100000111010000000
00111101110110111010100110011111
00111110100111000100000110110110
00111110111010010000100110111101
00111011110100110011110000000001
00111101101111001011110110111100
00111110101000101111011001010110
00111110101100001010011111010100
10111110010111000100010100111110
00111110001010100101101110110110
00111110110000001000000011001001
10111100101100110101010110101010
00111111011110001001101001011010
00111110110010011111111000110010
10111110000000100101011111001001
10111101110111010101111101100110
10111011111001111011100101111000
10111101010000011010101110010101
10111110001101100110000111101000
00111110000001000100001010101001
10111101100101110110111101100111
00111101001101010110000010101101
10111110000000111010101100110101
00111110011111111101100100000111
10111110011001110000011100010010
00111110101100110110111011111001
10111110001100111100011100011101
00111110111100101110010000100010
00111110000000001100111101110110
00111111010101001010001010100111
00111110010110000011101011111110
00111111010011110111000011000110
00111111000011100100001110111111
10111110011010001101100111000110
10111110100001100000101101110101
00111110000010000100110010011000
10111110011010000010111011010100
00111110101000011111111000011000
10111101011000001001011000010110
00111101101101010000111100110100
00111101110011111110011110010011
00111110110001010110111000000101
00111111010001000010000111101000
10111101111000000110101000110110
10111101000100010001010011010100
00111100101010110110101001101000
10111011000111110111100111000111
00111110100010100101011101110010
00111110000001100111100001100010
10111101111111111111000110000101
00111111001010100101111111101001
10111110101111101101001011010101
00111111000101101111000011001010
00111110101100111001010100001001
10111101100010001011110011111001
00111110001101100001110111000001
00111110001000000110101000010100
00111110000000110110101010111001
00111110001110010110101101111111
10111101111010000010101010001100
10111101110000000011001110111000
00111101101010111011111000110100
00111110110101111011011111101111
00111110101000111011100010110001
10111110110101110110101110110100
00111110110110100011111010111001
00111101101000001000110011101111
00111110010111100101111001001011
00111110011111111011110000011110
00111110000000010000000111011111
00111110000101111100101100110110
00111110000100011010101000000101
10111101110000010111010100001000
00111110010011111100011001011111
00111111001111111101011010111111
10111100111011110101010011101010
10111101001111111001010111110001
00111111000011111101100100110110
10111110010101110110001111100011
00111101010101110011000111111101
10111101111010111101011100101001
10111110010000101100001001110101
10111011101001100000000000100110
00111101110101000010010011101001
00111110000100010000101000001101
00111110010100101101100110111101
00111110101110111011111111100011
10111101010110011110010101011111
00111110011001101001100010010010
10111101111000101010101011110101
10111110101111101010000010100100
10111101010011010000011100001100
00111110110100001101001101001001
00111101101010011000000111010110
00111110110000101001111100100100
10111110111010001101101110101101
00111110100100110111010001000111
00111101010010001001010100111111
00111111000001101001001011100101
00111011010100101100000000011000
00111110101101001100010100011011
00111111100001100101001011101010
10111101001110100001110101011110
10111101100011100010101110100101
00111110101100100001110101011101
00111110110001100100110001010011
10111110001000101101100011110111
10111110000000111001100001110111
00111110011011000000010001000000
00111110001000101011110111011100
00111101000010011111010000011011
00111111000001111101011100000110
10111101011001001110011111000100
00111110100111100011010111001001
00111110011010101011011110100001
10111110010000101001100000110011
00111101010011100101111110000100
10111100010011011011110000010101
00111110110100100100100110110110
10111101100110100011010010100011
10111101101011010011011000111110
00111101111010101100111000000100
00111110001101010010111111011111
10111101100000011111001000101010
00111110100010111010110100111000
10111110000111000001101111110111
00111110001001100100011001110001
00111100111010001001011001000111
00111110000101010001110010011011
00111110010010001101101011000111
10111011000011000011001110011010
10111011010011010001011011111111
00111110110001100110010100010101
10111101111100111100011101011101
00111110110000110111001001100001
10111110010011100011101110000000
10111110011110010011000000011000
00111110110001000010100101100011
00111101011110000000001000000101
10111110001110000111100001100111
00111110011000001010010001101001
10111011001110100000000000111110
00111110110001001011000110001111
00111110101000100111101000111001
10111110011111010110001011011010
10111100110001010011110010111011
00111110101110111000100011000101
10111110010111111010110100010100
00111110100110110010000111100100
10111110000001001001001010001101
00111110010010100110011111000111
00111110100100011110101111010011
00111101110010101111011000001000
00111101000101100010111110110101
00111110101010010011011100101001
00111110010001110011001110111110
00111110100101001100110011010000
00111110100000011000000111001010
00111110101110001110101000001111
00111110101001010011001001011001
00111110111010000110011111100111
10111100000011100100101001111010
00111111101001110001101111001111
00111110010110010101010011001001
00111110010101011011100110111010
00111110010101111000010001101110
00111101101000100011010111110000
00111110101010110011000111001010
00111001111010111010101111111000
00111110000011000110010010000000
00111111010010000000110000011011
00111100101101011001101101010000
