00111010110111011010000001011101
00111101001100110000000111101111
00111101011010000011100110010000
00111100101010001000010100001011
00111011111110100110000000100000
00111100110011101100111111110101
00111000100000110001110001010001
10111011110110011101011100100001
10111011111010011011000100010100
10111011011010010000101111000000
00111100000111001011001100111010
00111101000101111001111001100010
10111100000001110100000110100111
00111011100111100011110101101000
00111101001011001010101110101010
00111011010011011100000100100100
00111100111101011001000100010110
00111100110111101100100100110110
10111001111101011111101100011011
00111101001010011001010110111110
00111101000001100011001000011110
00111100110101111000110011001101
00111101100011111110000010110010
00111100011101011000111000100111
00111100000000101001000011010111
00111101010100010000100011001011
00111011100101000111100011110111
00111100100111000110110001100001
00111010000111010000100000100000
00111101000011000100010000111100
00111100111010011011000110000000
10111100010100011011101011111110
10111100010000000101100101001110
00111010000101001110011000100110
10111001000100010000100011111001
00111100101000100001000111011100
00111010100011000010111101000011
00111100001101001111001100011000
10111100001011100100100111011011
00111100110111001001101110011110
00111100101110110000010101100111
00111100110101001000110100001100
00111100010101101100111010110111
00111100001100101111111111110011
00111101010101011111000111110111
00111101011001001000101110011111
00111010011011110110001111111101
10111101000000101011011110110111
00111100111011011000000000111001
00111010110001100011100101101111
00111101011110000011101110011011
00111100001001100110000001111000
00111100000011000100000111110010
10111100000100111000011001110101
00111100101111111000001111101111
00111100110010100111011111010110
00111100110110100111011110000010
00111100101000110010110111110000
10111011110001100101110100100110
00111101100101010011010110001011
00111100100111000001111010110011
00111011111000101011101110100101
00111101000101010000011101111011
00111100010110111111111100101011
00111100100100000100011011010111
00111100110010110110010011000100
00111101000000011111010101010010
00111011101001011010101111101000
00111010101000100111100000100111
00111100101100010011000100100011
00111100100101001000010100111110
00111100101010000000001101000001
10111010111001011110100001110100
00111100110010111101110101011011
00111001011011100010000100111001
10111011110101110000001110101101
00111100000011001111011101101000
00111011001100101110010100110011
00111101011101011011101000010000
00111100111001101110101101010000
00111100100111111001010001110101
00111100100111001101111101001001
00111100110010101011110101010111
00111100111001011011111101010111
00111101000110011111110000011000
10111100011101110100000110110100
00111100110001000100000100011110
00111101000000000011101110110101
10111010000000001111101110010111
10111011100011111011001000011000
00111101011111101011111110111101
00111011100000001011000001110001
00111100101100010000100111101000
10111011010011100100111110100101
00111100000110101011101010100001
00111100101111011010101000000010
00111011000011001111010101100000
00111011110111011000111101110001
00111101001010001100111010101010
00111100001101111100010110110011
00111100100011111100110000001100
00111010110110001000011101101101
00111101100010010100001000010011
00111100000000000110110101011100
00111101000001010010010010110011
00111100111001100000011110010011
00111101000010111000011101100000
00111100101000100101110010010111
10111011101001000000111011100011
00111100100010000111110000011101
00111100110010000001101000100111
00111101100100010011010000000111
10111100000011100101011100010010
00111101010111000110110000111011
00111101010010001010100001101010
10111100001010100011100001000110
00111101001110101101111000100101
10111010000110101010011101100111
00111100011011011101110000100001
10111010111001000000100100010001
00111100110110010111101110111100
00111100010001111010111100111101
00111100101101001000001001110111
00111100101000000110101000010001
00111100000011111001001001000111
10111011101011010110101100010011
00111101000110110010101000001000
00111100100110101111010101100011
10111100011010111001101111100000
00111100010010100000111000111111
00111101100001101100001100000110
00111101010001110010001111100110
00111100011100010101010011101011
00111101001110000100101101000110
00111101001111001100000010101010
00111101001010011011110011010111
00111101001100011101100001101101
00111100101000110011000011010110
10111100100110101111001010100001
00111101001000001110000011110011
10111100000110100000001001010111
00111010101110010110000000010101
00111101010000111110110110100000
10111100110101101101001000111101
00111100100001110010010111100110
00111100000101001101010111000010
00111101000111100011011011001011
00111100110111011011000010110000
00111101100001000000111000000011
00111101000000001001010010000001
00111100101010001101111111100000
00111100100011101101010100111001
10111100101101111001011001101110
00111011000101010101100111000000
00111101100001011010010000111111
00111011000101100000100001111011
00111100001111100111001010001110
00111101001011110001100110111111
00111101001011010111111000011011
00111101001011001000100100101111
00111101000010010101100110100011
00111101000000100001011000111011
00111100011101010101100010111011
00111100110110011001101001011110
00111100101110100101100100011010
00111100111111010000011000111010
10111100110010111110100010101101
00111100010100101001010110010001
00111100111110101001110111111110
00111101010100111101111001111011
00111101011101010110100101001101
10111100101111011101001100001110
00111100100110011011101101010100
10111011110001100010010111000110
00111101000000101001001000000001
00111100110001110110100011110101
00111100000010000110011100000010
10111100000011001011110011100000
00111100110000001111110101110000
00111101001001101110010101001101
00111101000001101101100100010000
00111001010101111101111010000001
00111000100100010111011000110001
00111100111001010100010010011000
00111100111000100011111110111010
00111011010101001000010101101011
10111011110001111011100011010010
00111101000111010111100100010100
00111101010001001111000011000010
00111100111111101100011100001100
00111101011100000010000101000111
10111011100110010001100001111110
00111100111010100010110101110010
00111101000100101010110100111100
10111100010000111010011000110010
00111100001000001001001101101011
00111011100101101111111100011011
00111100100010011100100110000000
00111100110100011110110010110111
00111010010000001001101010010100
10111100110011001011010010100101
00111010101100100000011110011110
00111101100100010011010110010001
00111100001100011001000001100011
10111100010001011011110110010110
00111100011110110111011100000010
00111101001001110011111000101000
00111100111101111000100101011001
00111100000110110100101011100001
00111100110100110101100000101010
00111100101110001001011001111111
00111010001100010101010000110101
00111101000010110000111000001111
00111100100101100000110100010000
10111101100101000101001011011010
00111100100110000110000110110011
00111101010110001011110110101110
00111101001011101001010000100101
00111100100110001111010110001011
00111010101011110110111000110101
00111100000001011111101110001011
00111100101001000010000111010011
00111011110111110100111011101001
00111101010001111111010000111001
00111011100000111000110110111010
00111100011010010000111111010010
00111011100101001100001000101100
00111101100101000100000110100000
00111101010010100000111111101011
00111100111001101000101101101110
00111101000001001111011110001000
10111011100011110001101000000110
00111100000101111011100110100010
00111011010110010000110000101011
10111010110100010011000000010001
00111100111000010111100101011100
00111100111101000011101011000110
00111100101101110000110001011001
00111101010000001111110011110100
00111010011100001101110000011001
00111101000100111010100110011101
00111101010101101111110011101010
00111101010110101110100111100100
00111100100101111111100100110101
00111100000101010101011000011000
00111100110011100111000011010111
00111100101100111100110010111010
00111011110111100111110100111110
00111100101001001001010101011110
10111011110100101101100000111000
10111011001001111110111010011001
00111101000100001010100111101100
10111100100010110000011111110000
00111100011010001000111110001011
10111011011001010100101011100111
00111010011110100010001010001011
10111011110100001011110110011111
00111100010010100110111001001100
00111100100011001101011010111011
10111011101101001010101101010100
00111100001101011011100101011010
00111101000101111011001000110011
00111010001110111011100001011110
00111100001011110101010001001001
00111100100001000011011010010100
10111011101111011100010101001111
00111100011111110100101010111001
00111101000010111011001111101011
00111100000101101111110101011111
00111101011111101101111100110010
00111010001100100001110101001001
00111100000100110001011000101110
00111101000001110101001110011011
00111101100010101011100011000011
10111010000111100101101101101100
00111101001100010101011101010000
00111101000011111101000101001101
00111100000100011010110101110011
00111101001011000101011010001101
00111100110110011001110000101011
10111100111100100011010001011001
00111100100111001110010011011001
00111100000010011101111101011000
00111011000000100110101000111011
10111010111010100100011000111100
00111100100000011110000110000100
00111011010011010001011100111111
10111101000000010110001000000000
00111100110011110111000010101100
10111100000011001110000011001000
00111101000100010111000011001000
00111101001110110101001001010101
00111100110010001101101110001100
00111101010001010111110010011000
00111101000100000111000100100001
10111100100010010101001011110011
00111100011011011011011010110101
00111100110010111001010100111110
00111101000011010001101001011000
10111100001000001101110011011110
00111100000101010001011100101110
00111011101011011110100000111000
00111100010111101011100101100000
10111011010000011110000110100010
00111100010101001011011000111011
00111101010101110100111000011110
00111011100101101110000100001011
00111001101100010010100000110011
10111100100000100010101001110001
00111100100010011010110110110000
00111101000001011001101101100000
00111100011101111001001000110000
00111100110100100000111101010111
10111011011010001100001101111001
00111100000100110010001010001100
00111100100101101101101100111101
00111100110010001001111101010110
00111101001101101010100001111001
00111100101000001000000001100000
10111101100001100100010000000111
00111101001000100110011001110110
00111101011010000000110100101011
00111101001110111011111001010110
10111011001001011100110110000001
00111101010001100110000001011011
00111100110101100011011110100011
00111100101111001100010101010110
00111011101100100001000001011010
00111100000011000110001010101111
00111011010100101100101111011110
00111101000100000011111011001011
10111100111111011011010111010100
00111100111001111110011101101010
00111100110011011110101000010101
00111101010001000000110000010011
00111101000111111001001110100011
10111011010001000000100010100111
00111010110001101010000000111100
00111100101011100111100100000011
00111101000100100101101110101000
00111100110001001100101001000101
00111100100101010010110111000110
00111011110001100001100101000100
00111100011000001001000111100111
00111100110101110100110100011011
00111100111111111010111000011001
00111001101101110100111011010110
00111101011011011011001100111110
10111011110000000010001111010001
00111100011011010011001011110001
00111101000000001101110011100001
00111100100101111010111010111011
00111100100011101111100001000001
00111100001110101000100110111111
00111100110100011010111001101000
10111100001111101100001110111101
00111101101101100100001000110100
10111000010110110000111111100001
00111010011101101000111111110100
00111100001110000101111000110110
00111100001100111110100000010100
00111100101111100001110011110101
00111100100101101100011100101011
10111100110111001010110010010011
00111100100110000101111111111000
00111101000000110111111011100100
00111100101110111011010101101011
10111011001111111000100000110011
10111011010100111011110001011110
00111100001110000011110011000010
10111100000010001000010111101101
00111101001101101010011000001110
10111100000110001000010001111010
00111100111000111010111101010111
00111100101000111101100110111111
00111100000000100101101011000011
00111100100111100001010101111111
10111011110010000110100000010011
00111100100111011000011001101110
00111101001110111000101011111100
00111010111001100111010011101000
00111100101101101111101100000100
00111101001000110101100110011000
00111010110100110110111100111101
00111100100000100111100001100001
10111100011010100101101100110111
00111100010010111101001011100011
00111100111111100011011100101100
10111100010001000111001000101010
00111101001101000100010011010110
00111100100000000001111111001010
00111100110111101011011011111111
00111101001000000111110001001101
00111101000000101101110101001100
00111101000001011101110001100011
00111100100001010111111001010100
00111010111011101101111111001111
00111101000001011110100001111011
10111100010011110100100101001001
00111100010101111110000100100001
00111101010010011000110111011010
00111101000000100010110111011101
00111101000011100100010101011001
00111101010000011100000110011110
00111100111101000100000011110001
10111100100010001010110101001100
00111100000111000110001100001110
00111100010000011001111001001000
00111100001111010011100000110111
00111100000001111111011111101110
00111101001110011000001001101101
00111100111001101011100101011010
00111101011100010000111110000100
00111100010100011001010000001010
00111101000000110010010110111000
00111100111100100110110011101110
00111101000101001010100110001101
10111100000001110100000111110011
00111101010011100010101000001001
00111100001100000010011011001010
10111011111001001100000110010110
00111101000101010001100111011011
00111100110000110111101111110101
00111100101010110111100101101101
10111100101110101001000101110111
00111100111011101110010000101111
00111101100001101010111000101001
00111100011000110100010000111111
00111100011100101100111111101011
00111101001010111010110010000000
00111100100101011011100101000001
10111100110100101010000110101101
00111100100100010010101000100111
10111101000001011111101100011100
00111101011001010000110111000001
10111010101111000111110101101011
00111101010001111111111111110010
10111100110011000001110101010010
10111100011001100000100111001010
00111100110000000001001001101011
00111100000001110100110101010011
00111100011001001011011100011011
00111100110001000011001100111011
10111100011010100110100010101011
00111101000111111011111011111010
00111100101111110110000110000110
00111100111101101110110011110001
00111101000110101111111010011101
00111101001010100001100111001111
10111100010111011001110100001111
10111001111000110111110010101100
00111100101100100100101001001011
00111011100100101111010010011011
00111011101100100001000001001000
10111100010101011111010100100001
00111100111001110111011001001101
00111100100111100111111110000110
00111100001110100100001110000011
10111010111111101010100111011011
00111011100001110101100100100110
00111100011001101001001101110111
00111100101010101111010001100001
00111100100000010001111001100000
10111101000001000111000011111010
10111100100001101001000011011000
10111011110000100011110010110011
00111011010011000100110100011111
00111100011010111111011001010011
00111100110111011010000111111101
00111011111100011100000111111001
00111100101000111100010110010000
00111100110010111000100010001000
00111101000000111100111111011101
00111101010110000101000011001000
10111100100111010011101111111000
00111101000100000101000011000010
00111100101001001111001011001110
10111100010000000110111000100000
00111011110001101000100110101101
00111100000001011010101000110111
00111101011100000101110111110101
00111101000100110111011000101110
00111101000000101111001100100000
10111010010111011100101011101101
00111100010110100101010011000111
00111101010001011011101011110000
00111101100011000110011000010110
00111101001010001101011100101101
00111100011101111000000001111010
00111101010000000100110110100101
00111100101010011000000000100010
00111100101000100111101101011000
00111101000101000100100010011010
00111101000101010000111010010111
00111100100011010100111101101001
00111101000100011011111001111110
00111100011001010110100101111110
00111100101110101001010001000011
00111101000010111100000111001001
00111101000100000111010000000100
00111010001101011101010010011111
00111011111011100101010111010100
00111011110011000100000000101001
00111100011110101100001000010110
00111101001110100110001011100010
00111011100010000000111100100000
00111100110000001111100011001111
10111100000110001001101001101110
00111010101000011011011110000111
10111011111111001100001011101101
00111011010111110101001000001011
00111101000000011010001010111110
