00111011100011110000100111000101
10111100000110110100100011001000
10111011011101100000101100011010
00111100100111110010101110000001
10111100011111101110110101100110
00111010001110001101111010000110
10111011101110100110011101110010
10111011110101100111101010101000
00111100001100101010011111100110
10111010001100001111001101101011
00111100010110100101010011111101
00111100100011101101011000000010
00111011100011111010101011101010
00111100101000010110010100110010
00111100100110110100000010110111
10111100011110000101101010001000
00111011110100110010101100101111
10111010110000110000011000001011
00111011100001010110001111111110
10111011000001100110010111011000
00111011111010100000111011001011
00111101000010100111000110111010
00111100111000101000011110000010
00111100001101100011101011001101
00111100101100111000010010011100
00111101001110101000110101001111
00111100010000100011110101001110
00111100110000110010010000100111
00111100011101001111001010000110
00111000000010101110101100101001
10111011101011110110001110010000
10111100100011101001010011111010
00111100001000100101100111111100
00111010000110110000001101100110
00111011010000100010011100011011
00111100111010100011100111010110
00111101001000011010001000001111
10111010000110010000010110101101
00111100110010110011010001100100
10111011100111011011011011110110
00111100000100001110010011001000
00111100111000100111001110010001
00111100010001011011011000110100
00111100100110101001111011001111
10111100000111000100101101011110
00111101011011011101001110000001
00111100000100000011110010001110
00111011100110110101110111111111
00111100100000110001101000101111
00111101010110001111010111100001
10111011000101101111100011010100
10111010101011010011001010110000
00111100110011010010001110011110
00111100010000001010111001001101
00111101000010010000011100001111
10111011111101101001100101110000
10111010111110010011001010010001
00111100001000111110011110100100
00111100111100111110000101010010
00111010111010010111111110110001
00111100010110011001010000111001
00111011110001011011011110111010
10111100101001100110011010010111
00111011101101100011110000111011
00111101000001111000010000011101
10111011010110100000001110010000
00111011111001000111011110100010
10111011001000111110011010111001
00111100011010110011000101111110
00111100000110010011100111111111
00111100110111110001011011001001
00111011111000010000111100100101
00111100111000100110111100010101
00111100100001110110011000000101
00111011010001000000010001100000
00111100001101100001111110100011
00111010110100001000000110001010
10111101011000011100000100001010
00111011010001110001100100001010
00111011110101101001101111011010
00111101100110000101111111011011
00111100000001110101100011000111
10111100010011111110100111001101
10111100010011100110100000101001
00111011011110110011101101010110
00111100111100001011010000011101
00111101101001110011101110010100
00111100011110001010010000100111
00111011111011100011000100100100
00111100100011001100110111100011
10111100011001001000010010101010
10111100001011110011110110110101
00111100010111101010111101111110
10111100101110000010010010011110
00111010101001111101101101010101
10111100000111011010110100000011
00111100100111101001110100000000
10111100000010111001011011110111
00111101000110100000001111001101
00111101001100011001000110110100
00111101010110101100001001101001
10111101000001110011100001000101
00111100101000010011110111100000
00111100011101010110000101100001
00111100000111001110101011000111
00111100111001001111000111100010
00111101101011010000100001100000
00111100000110100100001100110110
00111011100101001100001100000010
00111101011101111000001011011010
00111010011010110100101111110100
00111100110111010100010001000100
00111100011000110100001101000110
00111100000110100010101001001010
10111100111101001010100101001001
00111100111010111101011010010101
10111100011001000000111101010111
00111100011010010010101100010000
00111101010000000110110111010100
00111101000011010101110110011100
00111100110111110110000000000000
00111100101001100010100110000110
00111100100111101100000101110001
00111011011000111100101101100110
10111011000110100001111010010111
00111011101001011110001101100101
10111100100000001101101100010111
00111100101001111010000011001011
00111010010100000101011110011100
00111100001100011111101000110111
00111100100011011110011101101010
10111011110010101001001011011100
10111010001110001110001000110110
00111101000010000110101110011110
10111011111100110001000111011000
00111100100001100101000100011111
10111100010010111101111000100110
00111101001110000111001011101000
00111100010101111011100010001001
00111100000111101001011110101101
00111100100001101001111011110100
00111100001011110010101110010111
00111011000101000100101000101010
00111011000011100000111011011100
00111100110110001101001101011110
00111001100100000011111101101110
00111100100111000011111010010100
00111100110000000101111001101111
10111100000001100011101110001101
00111011001100111000110110110011
00111101010110100001001010011101
00111100100011100101000010100111
00111010011100000110110101101100
10111011011001011001011011100000
00111100000000000001100000011001
00111100111100110000001111110011
10111100101001010100010111111000
00111011100101111110110101010110
00111100100001111110100001000111
00111100011111001011100001001011
00111101001000000001111001000000
00111100001111001011111100100110
00111011111110001011001101111010
10111011001011010101101111110010
00111100100001001100001101011011
00111011101010011001001110001100
00111100100011011010011000010000
00111100100101111000001100110011
00111100011001101110110011100010
00111100011010101010111000101011
00111011011111101110011111000100
10111100101010000000001010000100
00111011101100010011001101001111
00111100011000110101011100001101
00111100100100101011100001011011
00111100010010100001101010110011
00111011101011001011001101100000
10111100110111000011001101001110
10111011101110000010011110001101
00111100000101011010101011100110
00111100111010000100101110101010
10111011110111111010000101011110
00111100000000100100111101011011
00111100101110111000001101000110
00111100100111011111101101100100
00111100010011011100010001101001
00111100000011010010000000100111
00111011111110011101111111100001
10111100100101100011011101110111
00111100110000011011001110000000
00111010010110110110100011011000
10111010101010100010011101100111
00111100101101011110010100101101
00111011011001110110100011000110
00111100110010011000000111011010
00111100111011011111000110010101
00111011101010010101010010111101
10111100000110010010001010010011
00111010111001110101000101101000
10111010010000100100100001111111
00111011011011101101001111011101
00111100011010110100110001111000
00111011010111011010100101111100
00111011000000111000111010100101
00111100111101011111110100011010
10111101000001010101101010000110
00111101000101100000010000101000
00111100101100010001110001000000
00111100101000110100101101011110
00111101100011111011101101101101
00111101001100001000101011100110
00111011001100110000011001000110
10111010110111010010111000111000
00111100101110101110111111101111
10111011000111001010111110010010
10111100000010101101101011011001
10111011001011001110000010111001
00111101000000110010010101110001
00111101001011000001110000010101
00111100111001001101101110011110
00111100001110111100111011011100
00111100100101000000001000011001
00111100010000101100111101110100
00111100101010100001110000010111
00111011110011011010011111010101
00111001100110100000111101000000
00111100001101000101110100100101
00111100100011000001001000011000
00111011011010011000101011101001
00111100101111001000101000100011
00111011010000011011010101000000
00111101000110011110101010101100
00111101010010101001100001000001
00111100001101111101101111111000
00111101001010100011000110110010
10111011101101010000111011010101
00111011100010010001011011111000
10111010110011101010011001001111
00111011111111111001010110011010
00111011111111010110011110110100
10111100001110000100111010100100
00111101000101110111010011010011
00111101010100110110000011110101
10111001110101101101110001101010
10111011101011011000001010111001
00111011110011000010100000111001
00111101100011100000111110011110
10111011001110000100110010111110
00111011110000000110110111001001
00111100001101010000010010111001
10111001101010000011010010011111
00111100010011001000010010011011
00111100100010000100101110000111
00111100101110011111011110100011
10111100101011010001000101000101
00111011101010010011110011100010
00111100100101000111001010001001
10111010110100011111110001001000
00111101001011001101101101001011
00111011011001101101111001111001
00111011101000101101001000110100
00111100110100010010100100101110
00111100010001011001100110001100
00111101001110110001010011111010
00111101100010010010001111111001
00111100000010001101110111011001
00111010110011110000011101011101
00111011101110011000000110000011
00111100000100001101111011110001
00111011101011000000111110101010
00111100100100111000001010000110
10111100010000011101011110001111
00111100011111110101101011111101
00111100111001011110100001010000
00111101011001101010000100111110
00111011110000111111001110011110
00111100101001101010101100110110
10111011100000110010100010000100
10111011110101010000011110111011
00111100000101101111111010110110
00111011101000010001000101111011
00111101000000001100010110100001
00111011000010110111011011010101
00111100001111101001000110110001
10111011111110110100011111100010
00111011011001100010000110101111
00111100001000111111100111101001
00111100101100110011110011101010
10111100010101110111010011011100
00111100101100101110100100111000
00111100100101111011011000001101
10111011010000001011011000101010
00111100111001011110100010101010
00111100011111110100001100001000
00111100101110011111010010110011
00111100110010011101101001011100
00111100011101010011101010100101
00111011011001110000011111010010
10111011000100000100011001011110
00111011110111010000100011101101
00111100011111010111010010010000
00111100110000000011110100010011
00111100010101001011100100000011
00111100110010001100000000001100
00111100010000001100100010100110
00111100000011111000010100001000
10111011110011000100000010010110
00111100101010100011001000001101
10111011011010111000001110001000
00111100101001101101110111101110
00111101000000110100100101010011
00111101001011001100100001000111
10111011100101011010010100011011
10111011110101101010010100100001
00111101010010100110110001011111
00111011101101011101100110101010
00111011111100011101010100001110
10111011100010011111110010110100
10111100010000111000111010000000
10111100000000000111001111100111
00111100100100000010000000100011
00111100111000011100011110001101
00111011111110010100101000111100
00111101000100111000000010011001
10111011100100100110001101111000
10111010100100101000101001101010
00111011000001010111100000001110
00111010111011100101100011001010
00111100110000111100110010110000
00111100000111101001000010110101
00111100100000011110010100111110
10111011101100011111101000010001
00111011111000110000100001010010
10111011000011000010100101011011
10111011100101110100111110011001
00111100011010110011110100001101
00111011000100110110100001110010
00111100000101101011101100011010
00111100011101101101100001100110
00111011100111100111111111111010
00111100100100101000100001011111
10111011011010001000100100001110
00111100111111111100100101001101
00111101001000001000101110101110
10111001000101010110110100011110
00111100110000001001101111001111
00111100100110111110010011100001
00111100110110000001101111111000
00111100100000010001111010101010
10111100100100001001100010000101
00111101000110011111011101001101
00111100000011011000001100111101
00111100100000110011110010101010
00111100111100000101101101001011
00111100000000001001100110101110
00111100100101100010011101101000
00111100101011010010000110000100
00111100000001010001011011100000
00111101000000001000100001010100
10111001110011101111010011010010
00111011101001100111001011001100
00111100101101001000100111000011
00111100011011100111000111110111
00111101000011000111100100110110
00111101001000011110001001000111
00111100101001100010100100001001
10111100001010011100010000110001
00111100000110001110100000100100
00111011101101011011111111100011
00111011100110001011100000011110
00111011011101111111000011001110
00111010100101011011111011111101
00111100100101110101101000001100
00111100001111010011001001101100
00111101000000111011110010100010
00111100001101111010011110100100
00111100011010101000011000110111
00111100100101000110001011111111
00111100001111001000111000110001
00111100011010011101011001011101
00111100110101010010010000011010
00111100101001011111011111000100
00111011101110110000100100000101
00111011111000001100101001010101
00111101010011010010111101101101
00111011000110110111101011011110
00111100001010111011100000001001
00111100111011010011101001000010
10111010001011100110110101000001
00111101000101001001110111000010
00111100110101010010011111100100
00111011110100100010100010001110
00111100100101100010111001011101
00111101000110110110110111001110
00111100111001101101101001000110
00111011110100101010111100010011
10111100000001101000110101001011
00111100011000011111100011101001
00111010111010111111111111111101
00111100010001110001101110001011
00111100000100010110000001000010
10111010110101001100100101100001
00111100010111100011100110110011
00111100000001001010111001100110
00111100101001011101001100110010
00111011010100111001111111111100
10111010001000001010011110110111
00111100001111001011011011010101
00111100100111100111001101011110
00111100001111000101110010000100
10111000001010011111001110011101
00111011111110101011001101101001
00111011000100000110011110111100
00111100101110111110010101100010
00111100111011011000010000101000
10111010011111111001110101010000
10111101011001111011101101000001
00111101001100111101011011101010
00111101000001010011100110001101
00111100100101001101100101100011
00111100101101011010100100110000
10111100000011011011101111110001
10111011011001111111011000111100
00111100011101100110110000011011
00111100001010110110011010011000
00111101000011101000110100001000
00111100111110101100110101111100
00111100010100011010000011001011
00111101111000111110100101110110
00111100001001101100011000001010
10111100000010000001011111111001
10111011100001100111111110010110
10111011111001001011010010001010
00111100100110011011101111111000
00111100010110010100110000110111
00111101000001100111001100111011
00111101000011001000100001001101
00111100000111010110001000111101
10111011101011011011110000011010
10111011010111011111010001110011
00111100100000000011011000011110
10111011111001110110001111001001
00111100101110100111001001011100
00111100000111011010000101100001
00111100011010111010110011111100
00111100101111110000000001110010
10111100010111110001100000010101
10111100011110000011011100001011
00111101000110111000110101100000
10111100011100010011110011100101
00111101001000000100110000100000
00111100010101001101100001111110
00111100100011000010101101011001
10111100001011101000010011010001
10111100000011100110101111010001
00111100000111111011010110001111
10111010101011000010110110010110
00111101000111100011011001000101
00111100110110110001110110000100
00111010000110110000101011010100
10111011001100010010001001110111
00111101001010101011101011110110
00111011010101110111001110111110
00111011000001111111100110000100
00111100110010011010000101100011
10111011110100011000010101111011
00111100010011101001011010001001
00111011111111010000001111110100
00111011110111001110110010000011
00111011010111010100110100010001
10111100011000010010100100100000
00111100100101110001011000010001
00111101000110111011100110100100
00111100110101011000010111101001
10111100010001110001010000000101
00111100010100101110001100100110
00111011101000001111011010000010
00111100100001101100000101101111
00111100001100101010110100100110
00111101000111010001101101010000
00111100100111011101111001001101
00111100111110101001110000011111
00111100001011101010000111011000
00111100001011111110100011001111
00111100100010111011101100000010
00111011110110010000000011011001
00111100101000001001101100011111
10111011100100111000001111011010
00111100010000010010010101110100
00111101001000010111001001110100
00111100001000001110110111100001
00111100001001010111001010110011
00111100001000001001110010010101
00111100101011101000100011000001
00111101001010111100000001100001
00111100110000111101101000111111
00111100111001010110000110110100
00111011101011111001011001000001
00111011111011101100001001000101
00111100100001010001010010001011
00111101001011101000111110010000
00111100011000001101000001111010
00111100000101111000101000000000
00111100111111010111100100010011
00111011111011101011000111111001
00111010101010100000111100100000
00111101000100110000010010001110
00111100000001101110101011101110
00111101000101000110011101111110
00111101000011100110011100000111
00111100010011100011001110101100
10111100111100101001001100010100
